LOG 270606,0,1044,0,000464,000,001,0000165,NECTARINA  ROJA KG.,01
LOG 270606,0,1245,0,001419,000,001,0000274,FRESA 0.5 KG.UD.,01
LOG 270606,0,1246,0,000498,000,001,0000330,UVA ROSADA,01
LOG 270606,0,1247,0,000048,000,001,0000150,LECHUGA ICEBERG UD.,01
LOG 270606,0,1249,0,000036,000,001,0000350,ESPARRAGOS VERDES UD.,01
LOG 230606,0,0855,0,000115,000,001,0001500,ROSSIÑOL,01
LOG 220606,0,2031,0,000014,000,001,0000280,BROQUIL VERDE UD.,01
LOG 280606,0,1041,0,000432,000,001,0000475,KIWI GOLD,01
LOG 280606,0,1042,0,000008,000,001,0000125,APIO UD.,01
LOG 280606,0,1043,0,000006,000,001,0000385,ALCACHOFA KG.,01
LOG 280606,0,1044,0,000074,000,001,0000650,TOMATE MONTSERRAT KG.,01
LOG 280606,0,1045,0,000032,000,001,0000195,COL I FLOR UD.,01
LOG 280606,0,1046,0,000033,000,001,0000245,ENDIVIA KG.,01
LOG 160606,0,0917,0,000454,000,001,0000325,MELOCOTON ROJO,01
LOG 160606,0,0918,0,001454,000,001,0000115,MELOCOTON ROJO,01
LOG 170606,3,1350,0,000817,000,001,000003,SALSA CALÇOTS FERRER,01
LOG 200606,0,0923,0,000009,000,001,0000150,BERENGENA LARGA,01
LOG 210606,0,1250,0,001419,000,001,0000250,FRESA 0.5 KG.UD.,01
LOG 260606,3,1344,0,000844,000,001,000001,VINAGRE NEGRO,01
LOG 260606,3,1826,0,000702,000,001,000002,PATATA CASERA 170grs,01
LOG 270606,0,1028,0,000454,000,001,0000235,MELOCOTON ROJO KG.,01
LOG 270606,0,1029,0,000401,000,001,0000230,ALBARICOQUE KG.,01
LOG 270606,0,1029,0,001401,000,001,0000195,ALBARICOQUE KG.,01
LOG 270606,0,1029,0,000008,000,001,0000150,APIO UD.,01
LOG 280606,0,1046,0,000048,000,001,0000130,LECHUGA ICEBERG UD.,01
LOG 290606,0,1218,0,000066,000,001,0000120,PIMIENTO ROJO KG.,01
LOG 270606,0,1032,0,000046,000,001,0000395,JUDIA PERONA KG.,01
LOG 270606,0,1034,0,000411,000,001,0000280,CIRUELA BLANCA KG.,01
LOG 280606,0,1048,0,000070,000,001,0000195,TOMATE DANIELA KG.,01
LOG 280606,0,1051,0,000456,000,001,0000230,MELON BRUÑO,01
LOG 280606,0,1052,0,000411,000,001,0000250,CIRUELA BLANCA KG.,01
LOG 280606,0,1054,0,000411,000,001,0000275,CIRUELA BLANCA KG.,01
LOG 280606,0,1102,0,000079,000,001,0000140,TOMATE RAMA KG.,01
LOG 280606,0,1106,0,000448,000,001,0000125,MANGOS AVION,01
LOG 280606,0,1757,0,000036,000,001,0000360,ESPARRAGOS VERDES UD.,01
LOG 290606,0,1219,0,000060,000,001,0000095,PATATA ROJA KG.,01
LOG 290606,0,1219,0,000032,000,001,0000170,COL I FLOR UD.,01
LOG 290606,0,1222,0,000496,000,001,0000450,UVA BLANCA,01
LOG 290606,0,1222,0,000413,000,001,0000295,CIRUELA NEGRA KG.,01
LOG 150606,0,1614,0,000133,000,001,0000437,SEMOLA DE VERDURAS,01
LOG 150606,0,1725,0,000006,000,001,0000295,ALCACHOFA,01
LOG 150606,0,1726,0,000025,000,001,0000150,CEBOLLA TIERNA,01
LOG 150606,0,1728,0,000409,000,001,0000350,CEREZAS,01
LOG 150606,0,1729,0,000411,000,001,0000350,CIRUELA BLANCA,01
LOG 150606,0,1730,0,000032,000,001,0000295,COL I FLOR,01
LOG 150606,0,1731,0,000036,000,001,0000340,ESPARRAGOS VERDES,01
LOG 150606,0,1731,0,000046,000,001,0000315,JUDIA PERONA,01
LOG 150606,0,1732,0,000080,000,001,0000099,LECHUGA  TROCADERO,01
LOG 150606,0,1732,0,000048,000,001,0000175,LECHUGA ICEBERG,01
LOG 150606,0,1734,0,000051,000,001,0000070,LECHUGA REDONDA,01
LOG 150606,0,1734,0,000435,000,001,0000120,LIMON,01
LOG 150606,0,1735,0,000449,000,001,0000395,MELOCOTON AMARILLO,01
LOG 150606,0,1811,0,000458,000,001,0000265,MELON EXTRA,01
LOG 150606,0,1821,0,000058,000,001,0000095,PATATA KENEBEC GRANEL,01
LOG 150606,0,1822,0,000487,000,001,0000210,PLATANO EXTRA,01
LOG 150606,0,1822,0,000489,000,001,0000235,POMELO,01
LOG 150606,0,1822,0,000076,000,001,0000120,TOMATE MADURO,01
LOG 150606,0,1823,0,001076,000,001,0000099,TOMATE MADUR,01
LOG 150606,0,1823,0,000070,000,001,0000170,TOMATE DANIELA,01
LOG 150606,0,1823,0,000202,000,001,0001150,CARACOL BOVE SELEC,01
LOG 150606,0,1826,0,000471,000,001,0000395,PERA CASTELLS,01
LOG 150606,0,1831,0,000072,000,001,0000145,TOMATE VERDE,01
LOG 150606,0,1831,0,000496,000,001,0000365,UVA BLANCA,01
LOG 160606,0,1859,0,000203,000,001,0001250,CARACOL D ALCARRAS,01
LOG 170606,3,1728,0,001369,000,001,000000,ANIS GRA,01
LOG 180606,0,1357,0,000001,000,001,0000130,ACELGA,01
LOG 180606,0,1359,0,000001,000,001,0000120,ACELGA,01
LOG 180606,0,1404,0,000002,000,001,0000135,AGUACATE UD.,01
LOG 180606,0,1405,0,000002,000,001,0000125,AGUACATE UD.,01
LOG 180606,0,2051,0,000491,000,001,0000080,SANDIA,01
LOG 190606,3,1009,0,000491,000,001,000001,SANDIA,01
LOG 190606,3,1049,0,000804,000,001,000007,HABITAS FRITAS BABY,01
LOG 190606,0,1916,0,000074,000,001,0000700,TOMATE MONTSERRAT,01
LOG 190606,0,1916,0,000413,000,001,0000280,CIRUELA NEGRA,01
LOG 190606,0,1917,0,000471,000,001,0000350,PERA CASTELLS,01
LOG 190606,0,1918,0,000463,000,001,0000195,NECTARINA BLANCA,01
LOG 190606,0,1920,0,000458,000,001,0000255,MELON BRUÑO,01
LOG 190606,0,1922,0,000491,000,001,0000110,SANDIA BRUÑO,01
LOG 190606,0,1922,0,002491,000,001,0000080,SANDIA,01
LOG 190606,0,1928,0,000046,000,001,0000395,JUDIA PERONA,01
LOG 190606,0,1934,0,000488,000,001,0000180,PLATANO MACHO,01
LOG 190606,0,1935,0,000104,000,001,0000140,RADICCIO,01
LOG 190606,0,1936,0,000024,000,001,0000080,CEBOLLA SECA,01
LOG 190606,0,1936,0,000082,000,001,0000120,ZANAHORIA MANOJO,01
LOG 190606,0,1936,0,000082,000,001,0000130,ZANAHORIA MANOJO,01
LOG 190606,0,1939,0,000032,000,001,0000250,COL I FLOR,01
LOG 190606,0,1940,0,000033,000,001,0000320,ENDIVIA GRANEL,01
LOG 190606,0,1941,0,000048,000,001,0000160,LECHUGA ICEBERG,01
LOG 190606,0,1942,0,000070,000,001,0000220,TOMATE DANIELA,01
LOG 190606,0,1944,0,000059,000,001,0000140,PATATA PARMETINE,01
LOG 190606,0,1944,0,000067,000,001,0000220,PUERROS,01
LOG 190606,0,1947,0,000476,000,001,0000285,PERA CONFERENCE IMPOR.,01
LOG 190606,0,1948,0,000079,000,001,0000170,TOMATE RAMA,01
LOG 190606,0,2003,0,000072,000,001,0000165,TOMATE VERDE,01
LOG 190606,0,2016,0,000438,000,001,0000250,MANZANA GALA,01
LOG 190606,0,2018,0,000062,000,001,0000099,PEPINO EXTRA,01
LOG 190606,0,2027,0,000006,000,001,0000250,ALCACHOFA,01
LOG 190606,0,2028,0,000409,000,001,0000395,CEREZAS,01
LOG 190606,0,2030,0,001454,000,001,0000135,MELOCOTON ROJO,01
LOG 190606,0,2034,0,000449,000,001,0000335,MELOCOTON AMARILLO,01
LOG 190606,0,2035,0,000066,000,001,0000165,PIMIENTO ROJO EXTRA,01
LOG 190606,0,2036,0,000065,000,001,0000210,PIMIENTO VERDE ITALIANO3,01
LOG 190606,0,2037,0,001079,000,001,0000125,TOMATE RAMA 1ª,01
LOG 190606,0,2040,0,002491,000,001,0000095,SANDIA POLEN,01
LOG 200606,0,0928,0,000046,000,001,0000490,JUDIA PERONA,01
LOG 200606,0,0929,0,000438,000,001,0000240,MANZANA GALA,01
LOG 200606,0,0929,0,000449,000,001,0000295,MELOCOTON AMARILLO,01
LOG 200606,0,0952,0,000476,000,001,0000290,PERA CONFERENCE,01
LOG 200606,0,0953,0,000471,000,001,0000325,PERA CASTELLS,01
LOG 200606,0,0953,0,000065,000,001,0000220,PIMIENTO VERDE,01
LOG 200606,0,0958,0,000463,000,001,0000265,NECTARINA BLANCA,01
LOG 200606,0,1000,0,001079,000,001,0000130,TOMATE RAMA 1ª,01
LOG 200606,0,1000,0,001075,000,001,0000395,TOMATE CHERRY,01
LOG 200606,0,1013,0,002491,000,001,0000099,SANDIA POLEN,01
LOG 200606,0,1052,0,000068,000,001,0000080,RABANOS BOLSA,01
LOG 200606,0,1053,0,001068,000,001,0000050,RABANOS,01
LOG 200606,0,1127,0,000002,000,001,0000000,AGUACATE KG.,01
LOG 200606,3,1305,0,002389,000,001,000001,PIMIENTA BLANCA,01
LOG 210606,0,1352,0,002491,000,001,0000090,SANDIA ESTUDIANTE,01
LOG 210606,0,1354,0,000487,000,001,0000195,PLATANO KG.,01
LOG 210606,3,1209,0,000330,000,001,000009,CEBOLLA ROJA,01
LOG 230606,0,0921,0,000009,000,001,0000145,BERENGENA KG.,01
LOG 230606,0,0922,0,000009,000,001,0000150,BERENGENA KG.,01
LOG 230606,0,0926,0,000080,000,001,0000120,LECHUGA TROCADERO UD.,01
LOG 230606,0,0932,0,000098,000,001,0000190,COL CHINA UD.,01
LOG 230606,0,0932,0,000047,000,001,0000175,COGOLLO UD.,01
LOG 230606,3,2038,0,001907,000,001,000001,FRIJOLE BLANCO 1 2kg,01
LOG 240606,0,1213,0,000341,000,001,0000070,ENVASE 2 750kgr,01
LOG 240606,0,1222,0,000373,000,001,0000228,RAMET D'HERBES,01
LOG 240606,0,1228,0,000374,000,001,0000245,BARREJA SETAS,01
LOG 240606,0,1309,0,000844,000,001,0000099,VINAGRE NEGRO,01
LOG 270606,0,1036,0,000413,000,001,0000225,CIRUELA NEGRA KG.,01
LOG 270606,0,1036,0,000449,000,001,0000265,MELOCOTON AMARILLO KG.,01
LOG 270606,0,1037,0,000076,000,001,0000099,TOMATE MADURO KG.,01
LOG 270606,0,1039,0,000078,000,001,0000120,TOMATE PERA KG.,01
LOG 270606,0,1041,0,000079,000,001,0000130,TOMATE RAMA KG.,01
LOG 270606,0,1041,0,000072,000,001,0000135,TOMATE VERDE KG.,01
LOG 270606,0,1041,0,000009,000,001,0000099,BERENGENA KG.,01
LOG 270606,0,1042,0,000062,000,001,0000085,PEPINO KG.,01
LOG 270606,0,1042,0,000065,000,001,0000195,PIMIENTO VERDE KG.,01
LOG 270606,0,1043,0,000066,000,001,0000145,PIMIENTO ROJO KG.,01
LOG 290606,0,1343,0,000202,000,001,0000975,CARACOL BOVE SELEC,01
LOG 290606,0,1343,0,000205,000,001,0000895,CARACOL PLA,01
LOG 290606,0,1343,0,000204,000,001,0000695,CARACOL BOVE MITJA,01
LOG 290606,0,1343,0,000409,000,001,0000435,PICOTAS,01
LOG 290606,0,1344,0,000453,000,001,0000480,MELOCOTON PARAGUAYO,01
LOG 290606,0,1344,0,000454,000,001,0000150,MELOCOTON ROJO KG.,01
LOG 290606,0,1344,0,000203,000,001,0001150,CARACOL D ALCARRAS,01
LOG 280606,3,2039,0,000483,000,001,000002,PIÑA DEL MONTE KG.,01
LOG 290606,3,1056,0,000892,000,001,000002,LEJIA 5L,01
SEC 001,000,0004,000000001,000000004,000000000,000000577,01
SEC 001,000,0010,000000001,000000005,000000000,000000898,01
SEC 001,000,0002,000000060,000000184,000249970,000042689,01
SEC 001,000,0001,000000069,000000292,000148635,000032642,01
SEC 001,000,0000,000000030,000000098,000017780,000015270,01
SEC 001,000,0005,000000004,000000006,000000000,-000006536,01
SEC 001,000,0002,000000058,000000174,000214640,000028812,01
SEC 001,000,0000,000000025,000000067,000011755,000014968,01
SEC 001,000,0001,000000067,000000266,000149545,000028376,01
SEC 001,000,0003,000000001,000000007,000002630,000001219,01
SEC 001,000,0015,000000003,000000003,000000000,000000216,01
SEC 001,000,0008,000000002,000000006,000000700,000000420,01
SEC 001,000,0010,000000001,000000002,000000000,000000269,01
SEC 001,000,0006,000000000,000000001,000000150,000000086,01
SEC 001,240,0001,000000001,000000003,000000000,000000939,01
SEC 001,000,0005,000000001,000000004,000000000,000000562,01
SEC 001,240,0001,000000000,000000003,000000000,000000840,01
SEC 001,000,0016,000000001,000000003,000000000,000000395,01
SEC 001,000,0011,000000000,000000001,000000575,000000661,01
SEC 001,000,0004,000000000,000000001,000000000,000000208,01
SEC 001,000,0012,000000000,000000001,000000000,000000160,01
SEC 001,000,0001,000000055,000000223,000127985,000027415,01
SEC 001,000,0002,000000053,000000178,000207215,000035245,01
SEC 001,000,0012,000000005,000000006,000000810,000001770,01
SEC 001,000,0006,000000000,000000009,000000535,000001237,01
SEC 001,000,0011,000000001,000000002,000001900,000001884,01
SEC 001,000,0005,000000004,000000008,000000000,000003131,01
SEC 001,000,0015,000000008,000000010,000000000,000000903,01
SEC 001,000,0000,000000010,000000024,000006255,000004254,01
SEC 001,000,0003,000000001,000000009,000002885,000001640,01
SEC 001,000,0008,000000005,000000007,000001270,000000762,01
SEC 001,000,0009,000000001,000000001,000000000,000000118,01
SEC 001,000,0016,000000001,000000008,000000000,000000868,01
SEC 001,000,0013,000000000,000000001,000000000,000000120,01
SEC 001,000,0007,000000001,000000001,000000000,000000096,01
SEC 001,000,0001,000000021,000000104,000052325,000012340,01
SEC 001,000,0002,000000023,000000077,000113810,000020976,01
SEC 001,000,0000,000000007,000000017,000008835,000004015,01
SEC 001,000,0003,000000001,000000002,000000445,000000293,01
SEC 001,000,0008,000000002,000000005,000000185,000000356,01
SEC 001,000,0015,000000003,000000004,000000000,000000514,01
SEC 001,240,0001,000000002,000000002,000000000,000000840,01
SEC 001,000,0016,000000004,000000011,000000000,000001405,01
SEC 001,000,0006,000000000,000000001,000000000,000000099,01
SEC 001,000,0012,000000000,000000001,000000000,000000080,01
SEC 001,000,0011,000000001,000000002,000002315,000001927,01
SEC 001,000,0010,000000001,000000002,000000000,000000478,01
SEC 001,000,0005,000000001,000000002,000000000,000000228,01
ART 030706,000609,PEPSI 2L                 ,001,0000,002,000609,0000145,000000001,000000000,000000145,0000000,0000000,01
ART 030706,000066,PIMIENTO ROJO KG.        ,001,0000,001,000066,0000165,000000000,000008030,000001325,0000000,0000000,01
ART 030706,000115,ROSSIÑOL                 ,001,0000,001,000115,0001500,000000000,000000480,000000721,0000000,0000000,01
ART 030706,000696,VINO NEGRO GRANEL        ,001,0000,005,000696,0000099,000000001,000000000,000000099,0000000,0000000,01
ART 030706,000072,TOMATE VERDE KG.         ,001,0000,001,000072,0000165,000000000,000006075,000001001,0000000,0000000,01
ART 030706,001454,MELOCOTON ROJO           ,001,0000,002,001454,0000135,000000000,000003845,000000519,0000000,0000000,01
ART 030706,000058,PATATA KENEBEC KG.       ,001,0000,001,000058,0000095,000000000,000021850,000002077,0000000,0000000,01
ART 030706,000401,ALBARICOQUE              ,001,0000,002,000401,0000175,000000000,000003970,000000695,0000000,0000000,01
ART 030706,000501,VARIOS NO PESADOS        ,001,0000,005,000501,0000316,000000000,000000000,-000006730,0000000,0000000,01
ART 030706,001635,COLACAO ENERGY           ,001,0000,000,001635,0000085,000000002,000000000,000000170,0000000,0000000,01
ART 030706,000025,CEBOLLA TIERNA UD.       ,001,0000,001,000025,0000150,000000005,000000000,000000750,0000000,0000000,01
ART 030706,000491,SANDIA BRUÑO             ,001,0000,002,000491,0000110,000000000,000026290,000002892,0000000,0000000,01
ART 030706,000467,NARANJA BOLSA            ,001,0000,000,000467,0000180,000000009,000000000,000001620,0000000,0000000,01
ART 030706,004835,SANDIA ESTUDIANTE        ,001,0000,002,002491,0000090,000000000,000005925,000000533,0000000,0000000,01
ART 030706,000050,LECHUGA LARGA UD.        ,001,0000,001,000050,0000080,000000013,000000000,000001040,0000000,0000000,01
ART 030706,000222,SALCHICHON EXTRA         ,001,0000,000,000222,0000582,000000001,000000000,000000582,0000000,0000000,01
ART 030706,000633,ZUMO P M I PI 0 2L       ,001,0000,002,000633,0000095,000000002,000000000,000000190,0000000,0000000,01
ART 030706,004839,PATATA MONALIS 3KG       ,001,0000,001,001059,0000345,000000002,000000000,000000690,0000000,0000000,01
ART 030706,001069,REMOLACHA MANOJO UD.     ,001,0000,000,001069,0000060,000000001,000000000,000000060,0000000,0000000,01
ART 030706,000054,LECHUGA MIXTO UD.        ,001,0000,001,000054,0000020,000000001,000000000,000000020,0000000,0000000,01
ART 030706,000014,BROQUIL VERDE UD.        ,001,0240,001,000014,0000280,000000004,000000000,000000939,0000000,0000000,01
ART 030706,004840,PEPINO ESPAÑOL KG.       ,001,0000,001,001062,0000099,000000000,000004835,000000479,0000000,0000000,01
ART 030706,000065,PIMIENTO VERDE KG.       ,001,0000,001,000065,0000220,000000000,000002460,000000543,0000000,0000000,01
ART 030706,000079,TOMATE RAMA KG.          ,001,0000,001,000079,0000170,000000000,000007775,000001323,0000000,0000000,01
ART 030706,000051,LECHUGA REDONDA UD.      ,001,0000,001,000051,0000070,000000025,000000000,000001700,0000000,0000000,01
ART 030706,001491,SANDIA PERIS KG.         ,001,0000,002,001491,0000110,000000000,000007310,000000804,0000000,0000000,01
ART 030706,000300,ACEITUNAS VARIAS         ,001,0000,000,000300,0000450,000000000,000008430,000003797,0000000,0000000,01
ART 030706,001076,TOMATE MADURO KG.        ,001,0000,001,001076,0000099,000000000,000024850,000002459,0000000,0000000,01
ART 030706,000449,MELOCOTON AMARILLO       ,001,0000,002,000449,0000295,000000000,000010220,000003015,0000000,0000000,01
ART 030706,002697,VINO BLANCO 2L           ,001,0000,000,002697,0000180,000000001,000000000,000000180,0000000,0000000,01
ART 030706,000046,JUDIA PERONA KG.         ,001,0000,001,000046,0000490,000000000,000004345,000002128,0000000,0000000,01
ART 030706,000024,CEBOLLA SECA KG.         ,001,0000,001,000024,0000080,000000000,000006355,000000508,0000000,0000000,01
ART 030706,000487,PLATANO KG.              ,001,0000,002,000487,0000195,000000000,000017795,000003467,0000000,0000000,01
ART 030706,000059,PATATA MONALISA KG.      ,001,0000,001,000059,0000140,000000000,000006115,000000856,0000000,0000000,01
ART 030706,000081,ZANAHORIA KG.            ,001,0000,001,000081,0000099,000000000,000004705,000000464,0000000,0000000,01
ART 030706,000471,PERA CASTELLS            ,001,0000,002,000471,0000325,000000000,000005870,000001907,0000000,0000000,01
ART 030706,000076,TOMATE MADURO KG.        ,001,0000,001,000076,0000120,000000000,000009045,000001086,0000000,0000000,01
ART 030706,000396,LAUREL                   ,001,0000,000,000396,0000113,000000002,000000000,000000226,0000000,0000000,01
ART 030706,004834,MELON GALLO              ,001,0000,002,000459,0000140,000000000,000026235,000003672,0000000,0000000,01
ART 030706,004844,SANDIA GALLO POLEN       ,001,0000,002,003491,0000095,000000000,000057745,000005486,0000000,0000000,01
ART 030706,000453,MELOCOTON PARAGUAYO      ,001,0000,002,000453,0000450,000000000,000002265,000001019,0000000,0000000,01
ART 030706,000413,CIRUELA NEGRA            ,001,0000,002,000413,0000280,000000000,000004635,000001299,0000000,0000000,01
ART 030706,000268,REPOSTERIA GRA           ,001,0000,000,000268,0000580,000000000,000000915,000000549,0000000,0000000,01
ART 030706,000267,REPOSTERIA BOLSA         ,001,0000,000,000267,0000058,000000001,000000000,000000058,0000000,0000000,01
ART 030706,000487,PLATANO KG.              ,001,0000,002,000487,0000195,000000000,000013355,000002607,0000000,0000000,01
ART 030706,000220,SARDINA COSTA            ,001,0000,000,000220,0000040,000000014,000000000,000000560,0000000,0000000,01
ART 030706,000219,ARENQUE                  ,001,0000,000,000219,0000070,000000009,000000000,000000630,0000000,0000000,01
ART 030706,004844,SANDIA GALLO POLEN       ,001,0000,002,003491,0000095,000000000,000052505,000004989,0000000,0000000,01
ART 030706,000058,PATATA KENEBEC KG.       ,001,0000,001,000058,0000095,000000000,000026710,000002540,0000000,0000000,01
ART 030706,000467,NARANJA BOLSA            ,001,0000,000,000467,0000180,000000005,000000000,000000900,0000000,0000000,01
ART 030706,000491,SANDIA BRUÑO             ,001,0000,002,000491,0000110,000000000,000030310,000003334,0000000,0000000,01
ART 030706,000048,LECHUGA ICEBERG UD.      ,001,0000,001,000048,0000160,000000007,000000000,000001120,0000000,0000000,01
ART 030706,000003,AJOS UD.                 ,001,0000,001,000003,0000099,000000004,000000000,000000396,0000000,0000000,01
ART 030706,000026,CHAMPIÑON GRANEL KG.     ,001,0000,001,000026,0000350,000000000,000000855,000000300,0000000,0000000,01
ART 030706,000009,BERENGENA KG.            ,001,0000,001,000009,0000150,000000000,000003680,000000481,0000000,0000000,01
ART 030706,000066,PIMIENTO ROJO KG.        ,001,0000,001,000066,0000165,000000000,000005090,000000782,0000000,0000000,01
ART 030706,004845,AGUACATE UD.             ,001,0000,002,001002,0000125,000000003,000000000,000000375,0000000,0000000,01
ART 030706,004840,PEPINO ESPAÑOL KG.       ,001,0000,001,001062,0000099,000000000,000006295,000000621,0000000,0000000,01
ART 030706,000065,PIMIENTO VERDE KG.       ,001,0000,001,000065,0000220,000000000,000003760,000000771,0000000,0000000,01
ART 030706,000004,AJOS KG.                 ,001,0000,001,000004,0000455,000000000,000000690,000000314,0000000,0000000,01
ART 030706,000431,KIWI ZESPRI              ,001,0000,002,000431,0000375,000000000,000003245,000001217,0000000,0000000,01
ART 030706,000051,LECHUGA REDONDA UD.      ,001,0000,001,000051,0000070,000000020,000000000,000001400,0000000,0000000,01
ART 030706,000025,CEBOLLA TIERNA UD.       ,001,0000,001,000025,0000150,000000006,000000000,000000900,0000000,0000000,01
ART 030706,000015,CALABACIN KG.            ,001,0000,001,000015,0000150,000000000,000005765,000000866,0000000,0000000,01
ART 030706,000078,TOMATE PERA KG.          ,001,0000,001,000078,0000140,000000000,000003005,000000372,0000000,0000000,01
ART 030706,004834,MELON GALLO              ,001,0000,002,000459,0000140,000000000,000038495,000005389,0000000,0000000,01
ART 030706,000466,NARANJA ZUMO             ,001,0000,002,000466,0000120,000000000,000000490,000000059,0000000,0000000,01
ART 030706,000871,CALDO PESCADO            ,001,0000,000,000871,0000185,000000002,000000000,000000370,0000000,0000000,01
ART 030706,000878,ANILLAS                  ,001,0000,000,000878,0000058,000000001,000000000,000000058,0000000,0000000,01
ART 030706,000014,BROQUIL VERDE UD.        ,001,0240,001,000014,0000280,000000003,000000000,000000840,0000000,0000000,01
ART 030706,001905,LENTEJA PAR 1 2kgr       ,001,0000,000,001905,0000156,000000002,000000000,000000312,0000000,0000000,01
ART 030706,000075,TOMATE CHERRY UD.        ,001,0000,001,000075,0000110,000000001,000000000,000000110,0000000,0000000,01
ART 030706,000212,HUEVOS 1/2 DOCENA        ,001,0000,000,000212,0000079,000000009,000000000,000000711,0000000,0000000,01
ART 030706,002696,VINO NEGRO 2L            ,001,0000,000,002696,0000198,000000001,000000000,000000198,0000000,0000000,01
ART 030706,000454,MELOCOTON ROJO KG.       ,001,0000,002,000454,0000325,000000000,000005305,000001315,0000000,0000000,01
ART 030706,000464,NECTARINA  ROJA KG.      ,001,0000,001,000464,0000265,000000000,000008425,000001462,0000000,0000000,01
ART 030706,000483,PIÑA DEL MONTE KG.       ,001,0000,002,000483,0000166,000000000,000000750,000000125,0000000,0000000,01
ART 030706,000047,COGOLLO UD.              ,001,0000,001,000047,0000175,000000001,000000000,000000175,0000000,0000000,01
ART 030706,000449,MELOCOTON AMARILLO KG.   ,001,0000,002,000449,0000295,000000000,000008910,000002415,0000000,0000000,01
ART 030706,000031,COL UD.                  ,001,0000,001,000031,0000140,000000001,000000000,000000140,0000000,0000000,01
ART 030706,000266,GOLOSINAS GRANEL         ,001,0000,000,000266,0000600,000000000,000001005,000000603,0000000,0000000,01
ART 030706,000062,PEPINO KG.               ,001,0000,001,000062,0000099,000000000,000008520,000000751,0000000,0000000,01
ART 030706,000413,CIRUELA NEGRA KG.        ,001,0000,002,000413,0000280,000000000,000001830,000000444,0000000,0000000,01
ART 030706,000435,LIMON                    ,001,0000,002,000435,0000120,000000000,000002125,000000255,0000000,0000000,01
ART 030706,000411,CIRUELA BLANCA KG.       ,001,0000,002,000411,0000350,000000000,000001195,000000378,0000000,0000000,01
ART 030706,001718,GANCHITOS                ,001,0000,000,001718,0000096,000000005,000000000,000000480,0000000,0000000,01
ART 030706,000079,TOMATE RAMA KG.          ,001,0000,001,000079,0000130,000000000,000005520,000000718,0000000,0000000,01
ART 030706,000076,TOMATE MADURO KG.        ,001,0000,001,000076,0000099,000000000,000028380,000002813,0000000,0000000,01
ART 030706,000301,ACEITUNA MANZANI  S A    ,001,0000,003,000301,0000450,000000000,000000470,000000212,0000000,0000000,01
ART 030706,000633,ZUMO P M I PI 0 2L       ,001,0000,002,000633,0000095,000000001,000000000,000000095,0000000,0000000,01
ART 030706,000896,PIÑA ALMIBAR             ,001,0000,000,000896,0000147,000000001,000000000,000000147,0000000,0000000,01
ART 030706,000217,BACALAO LOMO CORTO       ,001,0000,000,000217,0002184,000000000,000000225,000000491,0000000,0000000,01
ART 030706,000716,BARRIT  KETCHUP 100grs   ,001,0000,000,000716,0000060,000000001,000000000,000000060,0000000,0000000,01
ART 030706,000710,SKY MIX KETCHUP 100grs   ,001,0000,000,000710,0000060,000000001,000000000,000000060,0000000,0000000,01
ART 030706,003739,GARBANZO TOST  200gr     ,001,0000,000,003739,0000084,000000002,000000000,000000168,0000000,0000000,01
ART 030706,000204,CARACOL BOVE MITJA       ,001,0000,000,000204,0000800,000000000,000001010,000000808,0000000,0000000,01
ART 030706,000268,REPOSTERIA GRA           ,001,0000,000,000268,0000661,000000000,000000840,000000478,0000000,0000000,01
ART 030706,001696,VINO NEGRO 5L            ,001,0000,000,001696,0000495,000000004,000000000,000001980,0000000,0000000,01
ART 030706,000033,ENDIVIA KG.              ,001,0000,001,000033,0000320,000000000,000001500,000000480,0000000,0000000,01
ART 030706,000021,CEBOLLA FIGUERES KG.     ,001,0000,001,000021,0000169,000000000,000002730,000000461,0000000,0000000,01
ART 030706,002607,COCA COLA 0 33L          ,001,0000,000,002607,0000054,000000005,000000000,000000270,0000000,0000000,01
ART 030706,000044,JENGIBRE KG.             ,001,0000,001,000044,0000325,000000000,000000045,000000015,0000000,0000000,01
ART 030706,000707,PATATA CASERA 170grs     ,001,0000,000,000702,0000189,000000001,000000000,000000189,0000000,0000000,01
ART 030706,004841,TOMATE CHERRY KG.        ,001,0000,001,001075,0000395,000000000,000000585,000000231,0000000,0000000,01
ART 030706,000035,ESCAROLA UD.             ,001,0000,001,000035,0000170,000000003,000000000,000000510,0000000,0000000,01
ART 030706,004835,SANDIA ESTUDIANTE        ,001,0000,002,002491,0000090,000000000,000009360,000000842,0000000,0000000,01
ART 030706,001454,MELOCOTON ROJO           ,001,0000,002,001454,0000135,000000000,000000780,000000106,0000000,0000000,01
ART 030706,000059,PATATA MONALISA KG.      ,001,0000,001,000059,0000140,000000000,000001570,000000220,0000000,0000000,01
ART 030706,000339,ALCAPARRONES             ,001,0000,000,000339,0000950,000000000,000000095,000000090,0000000,0000000,01
ART 030706,000324,KIMBITOS                 ,001,0000,000,000324,0000850,000000000,000000260,000000221,0000000,0000000,01
ART 030706,000053,MAIZ COCIDO UD.          ,001,0000,001,000053,0000155,000000001,000000000,000000155,0000000,0000000,01
ART 030706,000692,MOSCATEL                 ,001,0000,005,000692,0000143,000000001,000000000,000000143,0000000,0000000,01
ART 030706,000696,VINO NEGRO GRANEL        ,001,0000,005,000696,0000150,000000001,000000000,000000150,0000000,0000000,01
ART 030706,000828,GAZPACHO                 ,001,0000,000,000828,0000265,000000001,000000000,000000265,0000000,0000000,01
ART 030706,004839,PATATA MONALIS 3 KG      ,001,0000,001,001059,0000345,000000003,000000000,000001035,0000000,0000000,01
ART 030706,000888,GUISANTE PIGOT           ,001,0000,010,000888,0000099,000000001,000000000,000000099,0000000,0000000,01
ART 030706,000625,ZUMO GRA TAR 1L          ,001,0000,002,000625,0000207,000000001,000000000,000000207,0000000,0000000,01
ART 030706,000614,GASEO P M I 1 5L         ,001,0000,002,000614,0000076,000000002,000000000,000000152,0000000,0000000,01
ART 030706,000032,COL I FLOR UD.           ,001,0000,001,000032,0000250,000000002,000000000,000000500,0000000,0000000,01
ART 030706,003744,PIPA SAL 200gr           ,001,0000,000,003744,0000082,000000001,000000000,000000082,0000000,0000000,01
ART 030706,000106,TOMATE RAFF KG.          ,001,0000,001,000106,0000099,000000000,000001125,000000111,0000000,0000000,01
ART 030706,000000,Varios...                ,001,0000,000,000000,0000075,000000001,000000785,000000336,0000000,0000000,01
ART 030706,000114,PIMIENTO CHORIZERO KG.   ,001,0000,001,000114,0002300,000000000,000000030,000000069,0000000,0000000,01
ART 030706,003329,RELLE ANCH EXPLA         ,001,0000,000,003329,0000495,000000001,000000000,000000495,0000000,0000000,01
ART 030706,001076,TOMATE MADURO KG.        ,001,0000,001,001076,0000099,000000000,000005835,000000577,0000000,0000000,01
ART 030706,000311,ACEITUNA MUERTA          ,001,0000,003,000311,0000450,000000000,000002160,000000972,0000000,0000000,01
ART 030706,000222,SALCHICHON EXTRA         ,001,0000,000,000222,0000559,000000002,000000000,000001094,0000000,0000000,01
ART 030706,001419,FRESA 0.5 KG.UD.         ,001,0000,002,001419,0000250,000000001,000000000,000000250,0000000,0000000,01
ART 030706,001025,CEBOLLA TIERNA UD.       ,001,0000,001,001025,0000120,000000005,000000000,000000600,0000000,0000000,01
ART 030706,000453,MELOCOTON PARAGUAYO      ,001,0000,002,000453,0000450,000000000,000001005,000000452,0000000,0000000,01
ART 030706,000725,TAJADITA SALADA          ,001,0000,000,000725,0000100,000000002,000000000,000000200,0000000,0000000,01
ART 030706,002812,PULPO GALLEGO  PIGOT     ,001,0000,010,002812,0000170,000000001,000000000,000000170,0000000,0000000,01
ART 030706,000221,SECALLONA EXTRA          ,001,0000,000,000221,0000303,000000001,000000000,000000303,0000000,0000000,01
ART 030706,000037,ESPINACA MANOJO UD.      ,001,0000,001,000037,0000099,000000004,000000000,000000396,0000000,0000000,01
ART 030706,000342,ENVASE 1kgr              ,001,0000,003,000342,0000035,000000001,000000000,000000035,0000000,0000000,01
ART 030706,000499,YUCA                     ,001,0000,002,000499,0000155,000000000,000000760,000000118,0000000,0000000,01
ART 030706,000202,CARACOL BOVE SELEC       ,001,0000,011,000202,0001150,000000000,000000575,000000661,0000000,0000000,01
ART 030706,001888,GUISANTE PIGOT 150gr.    ,001,0000,002,001888,0000054,000000001,000000000,000000054,0000000,0000000,01
ART 030706,000379,ÑORAS PICADAS            ,001,0000,004,000379,0000208,000000001,000000000,000000208,0000000,0000000,01
ART 030706,000098,COL CHINA UD.            ,001,0000,001,000098,0000050,000000001,000000000,000000050,0000000,0000000,01
ART 030706,001401,ALBARICOQUE KG.          ,001,0000,002,001401,0000195,000000000,000001720,000000335,0000000,0000000,01
ART 030706,000636,AGUA SOLANS DE CAB       ,001,0000,015,000636,0000084,000000004,000000000,000000336,0000000,0000000,01
ART 030706,000845,VINAGRE BLANCO           ,001,0000,000,000845,0000095,000000001,000000000,000000095,0000000,0000000,01
ART 030706,001388,PEREJIL                  ,001,0000,000,001392,0000098,000000001,000000000,000000098,0000000,0000000,01
ART 030706,000028,CHIRIVIA KG.             ,001,0000,001,000028,0000250,000000000,000000275,000000069,0000000,0000000,01
ART 030706,000056,NABOS KG.                ,001,0000,001,000056,0000250,000000000,000000105,000000026,0000000,0000000,01
ART 030706,000067,PUERROS KG.              ,001,0000,001,000067,0000220,000000000,000001765,000000388,0000000,0000000,01
ART 030706,000081,ZANAHORIA KG.            ,001,0000,001,000081,0000099,000000000,000002450,000000243,0000000,0000000,01
ART 030706,000401,ALBARICOQUE KG.          ,001,0000,002,000401,0000230,000000000,000010205,000002348,0000000,0000000,01
ART 030706,000449,MELOCOTON AMARILLO KG.   ,001,0000,002,000449,0000265,000000000,000012135,000003217,0000000,0000000,01
ART 030706,000465,NARANJA MARTA            ,001,0000,002,000465,0000160,000000000,000009450,000001513,0000000,0000000,01
ART 030706,000602,AGUA PASC  5L            ,001,0000,015,000602,0000099,000000002,000000000,000000198,0000000,0000000,01
ART 030706,000471,PERA CASTELLS            ,001,0000,002,000471,0000325,000000000,000000710,000000231,0000000,0000000,01
ART 030706,000467,NARANJA BOLSA            ,001,0000,002,000467,0000180,000000002,000000000,000000360,0000000,0000000,01
ART 030706,000487,PLATANO KG.              ,001,0000,002,000487,0000195,000000000,000010045,000001960,0000000,0000000,01
ART 030706,000078,TOMATE PERA KG.          ,001,0000,001,000078,0000120,000000000,000005250,000000630,0000000,0000000,01
ART 030706,000062,PEPINO KG.               ,001,0000,001,000062,0000085,000000000,000003990,000000340,0000000,0000000,01
ART 030706,000435,LIMON KG.                ,001,0000,002,000435,0000120,000000000,000001240,000000149,0000000,0000000,01
ART 030706,000072,TOMATE VERDE KG.         ,001,0000,001,000072,0000135,000000000,000007965,000001075,0000000,0000000,01
ART 030706,000001,ACELGA KG.               ,001,0000,001,000001,0000120,000000000,000003555,000000425,0000000,0000000,01
ART 030706,000013,BROCOLI UD.              ,001,0000,001,000013,0000140,000000001,000000000,000000140,0000000,0000000,01
ART 030706,000006,ALCACHOFA KG.            ,001,0000,001,000006,0000250,000000000,000002280,000000830,0000000,0000000,01
ART 030706,000031,COL UD.                  ,001,0000,001,000031,0000140,000000002,000000000,000000280,0000000,0000000,01
ART 030706,000015,CALABACIN KG.            ,001,0000,001,000015,0000150,000000000,000006440,000000967,0000000,0000000,01
ART 030706,004840,PEPINO ESPAÑOL KG.       ,001,0000,001,001062,0000099,000000000,000003835,000000379,0000000,0000000,01
ART 030706,000065,PIMIENTO VERDE KG.       ,001,0000,001,000065,0000195,000000000,000003100,000000605,0000000,0000000,01
ART 030706,000048,LECHUGA ICEBERG UD.      ,001,0000,001,000048,0000160,000000009,000000000,000001200,0000000,0000000,01
ART 030706,000476,PERA CONFERENCE          ,001,0000,002,000476,0000290,000000000,000004990,000001447,0000000,0000000,01
ART 030706,000217,BACALAO LOMO CORTO       ,001,0000,012,000217,0002184,000000000,000000260,000000568,0000000,0000000,01
ART 030706,000717,RUEDAS 100grs            ,001,0000,000,000717,0000096,000000002,000000000,000000192,0000000,0000000,01
ART 030706,000035,ESCAROLA UD.             ,001,0000,001,000035,0000170,000000003,000000000,000000510,0000000,0000000,01
ART 030706,000311,ACEITUNA MUERTA          ,001,0000,003,000311,0000450,000000000,000000495,000000223,0000000,0000000,01
ART 030706,000000,Varios...                ,001,0000,000,000000,0000025,000000005,000000375,000000387,0000000,0000000,01
ART 030706,000082,ZANAHORIA MANOJO UD.     ,001,0000,001,000082,0000130,000000002,000000000,000000260,0000000,0000000,01
ART 030706,002696,VINO NEGRO 2L            ,001,0000,005,002696,0000198,000000001,000000000,000000198,0000000,0000000,01
ART 030706,000026,CHAMPIÑON GRANEL KG.     ,001,0000,001,000026,0000350,000000000,000002015,000000705,0000000,0000000,01
ART 030706,000453,MELOCOTON PARAGUAYO      ,001,0000,002,000453,0000450,000000000,000003430,000001544,0000000,0000000,01
ART 030706,000431,KIWI ZESPRI KG.          ,001,0000,002,000431,0000375,000000000,000006175,000002317,0000000,0000000,01
ART 030706,002491,SANDIA ESTUDIANTE KG.    ,001,0000,002,002491,0000090,000000000,000009100,000000819,0000000,0000000,01
ART 030706,000456,MELON BRUÑO              ,001,0000,002,000456,0000195,000000000,000023005,000005217,0000000,0000000,01
ART 030706,000098,COL CHINA UD.            ,001,0000,001,000098,0000190,000000001,000000000,000000190,0000000,0000000,01
ART 030706,000106,TOMATE RAFF KG.          ,001,0000,001,000106,0000099,000000000,000002350,000000232,0000000,0000000,01
ART 030706,000266,GOLOSINAS GRANEL         ,001,0000,008,000266,0000600,000000000,000001270,000000762,0000000,0000000,01
ART 030706,000204,CARACOL BOVE MITJA       ,001,0000,011,000204,0000800,000000000,000000860,000000688,0000000,0000000,01
ART 030706,000690,ENVASE  GARRAFA 5L       ,001,0000,005,000690,0000055,000000002,000000000,000000110,0000000,0000000,01
ART 030706,000697,VINO BLANCO GRANEL       ,001,0000,005,000697,0000090,000000002,000000000,000000180,0000000,0000000,01
ART 030706,000454,MELOCOTON ROJO KG.       ,001,0000,002,000454,0000235,000000000,000006490,000001526,0000000,0000000,01
ART 030706,000417,UVA MOSCATEL             ,001,0000,002,000417,0000495,000000000,000000570,000000282,0000000,0000000,01
ART 030706,000104,RADICCIO UD.             ,001,0000,001,000104,0000140,000000001,000000000,000000140,0000000,0000000,01
ART 030706,001419,FRESA 0.5 KG.UD.         ,001,0000,002,001419,0000274,000000001,000000000,000000274,0000000,0000000,01
ART 030706,000501,VARIOS NO PESADOS        ,001,0000,002,000501,0000165,000000002,000000000,-000003125,0000000,0000000,01
ART 030706,000046,JUDIA PERONA KG.         ,001,0000,001,000046,0000395,000000000,000001945,000000768,0000000,0000000,01
ART 030706,000317,PEPINILLO SABOR ANCHOA   ,001,0000,003,000317,0000450,000000000,000000550,000000248,0000000,0000000,01
ART 030706,000399,OREGANO                  ,001,0000,004,000399,0000119,000000001,000000000,000000119,0000000,0000000,01
ART 030706,000696,VINO NEGRO GRANEL        ,001,0000,005,000696,0000099,000000016,000000000,000001584,0000000,0000000,01
ART 030706,000692,MOSCATEL                 ,001,0000,005,000692,0000286,000000002,000000000,000000429,0000000,0000000,01
ART 030706,000413,CIRUELA NEGRA KG.        ,001,0000,002,000413,0000225,000000000,000001070,000000241,0000000,0000000,01
ART 030706,000070,TOMATE DANIELA KG.       ,001,0000,001,000070,0000195,000000000,000014615,000002850,0000000,0000000,01
ART 030706,001718,GANCHITOS                ,001,0000,000,001718,0000096,000000002,000000000,000000192,0000000,0000000,01
ART 030706,004839,PATATA MONALIS 3 KG      ,001,0000,001,001059,0000345,000000005,000000000,000001725,0000000,0000000,01
ART 030706,000412,CIRUELA CLAUDIA          ,001,0000,002,000412,0000225,000000000,000001410,000000317,0000000,0000000,01
ART 030706,000313,ACEITUNA ARBEQUINA       ,001,0000,003,000313,0000450,000000000,000000280,000000126,0000000,0000000,01
ART 030706,000115,ROSSIÑOL SETAS KG.       ,001,0000,001,000115,0001500,000000000,000000245,000000368,0000000,0000000,01
ART 030706,000300,ACEITUNAS VARIAS         ,001,0000,000,000300,0000450,000000000,000005460,000002511,0000000,0000000,01
ART 030706,000339,ALCAPARRONES             ,001,0000,003,000339,0000950,000000000,000000680,000000646,0000000,0000000,01
ART 030706,000325,AJOS ACEITUNAS           ,001,0000,003,000325,0000450,000000000,000000350,000000158,0000000,0000000,01
ART 030706,000303,NEGRA PERLA              ,001,0000,003,000303,0000450,000000000,000000315,000000142,0000000,0000000,01
ART 030706,000051,LECHUGA REDONDA UD.      ,001,0000,001,000051,0000020,000000003,000000000,000000125,0000000,0000000,01
ART 030706,000620,LECHE PAS SEN 1L         ,001,0000,002,000620,0000115,000000002,000000000,000000230,0000000,0000000,01
ART 030706,000032,COL I FLOR UD.           ,001,0000,001,000032,0000195,000000002,000000000,000000390,0000000,0000000,01
ART 030706,000219,ARENQUE                  ,001,0000,012,000219,0000070,000000002,000000000,000000140,0000000,0000000,01
ART 030706,000896,PIÑA ALMIBAR             ,001,0000,010,000896,0000147,000000001,000000000,000000147,0000000,0000000,01
ART 030706,000302,MANZANI  NATURAL         ,001,0000,000,000302,0000450,000000000,000000420,000000189,0000000,0000000,01
ART 030706,000003,AJOS UD.                 ,001,0000,001,000003,0000099,000000001,000000000,000000099,0000000,0000000,01
ART 030706,000474,PAPAYA AVION             ,001,0000,002,000474,0000195,000000002,000000000,000000390,0000000,0000000,01
ART 030706,000489,POMELO                   ,001,0000,002,000489,0000235,000000000,000001295,000000304,0000000,0000000,01
ART 030706,000033,ENDIVIA KG.              ,001,0000,001,000033,0000245,000000000,000000270,000000066,0000000,0000000,01
ART 030706,000475,PERA BLANQUILLA          ,001,0000,002,000475,0000099,000000000,000001395,000000138,0000000,0000000,01
ART 030706,000301,ACEITUNA MANZANI  S A    ,001,0000,003,000301,0000450,000000000,000000215,000000097,0000000,0000000,01
ART 030706,000471,PERA CASTELLS            ,001,0000,002,000471,0000325,000000000,000000630,000000205,0000000,0000000,01
ART 030706,001449,MELOCOTON AMARILLO KG.   ,001,0000,002,001449,0000130,000000000,000000895,000000116,0000000,0000000,01
ART 030706,001487,PLATANO BOLSA KG.        ,001,0000,002,001487,0000235,000000000,000000705,000000166,0000000,0000000,01
ART 030706,000058,PATATA KENEBEC KG.       ,001,0000,001,000058,0000095,000000000,000020145,000001730,0000000,0000000,01
ART 030706,000050,LECHUGA LARGA UD.        ,001,0000,001,000050,0000080,000000020,000000000,000001600,0000000,0000000,01
ART 030706,000009,BERENGENA KG.            ,001,0000,001,000009,0000099,000000000,000004935,000000489,0000000,0000000,01
ART 030706,000459,MELON GALLO KG.          ,001,0000,002,000459,0000140,000000000,000022575,000003162,0000000,0000000,01
ART 030706,000440,MANZANA GOLDEN           ,001,0000,002,000440,0000140,000000000,000015260,000002137,0000000,0000000,01
ART 030706,000059,PATATA MONALISA KG.      ,001,0000,001,000059,0000140,000000000,000003435,000000480,0000000,0000000,01
ART 030706,000066,PIMIENTO ROJO KG.        ,001,0000,001,000066,0000145,000000000,000006720,000000974,0000000,0000000,01
ART 030706,000004,AJOS KG.                 ,001,0000,001,000004,0000455,000000000,000000440,000000201,0000000,0000000,01
ART 030706,000025,CEBOLLA TIERNA UD.       ,001,0000,001,000025,0000150,000000008,000000000,000001200,0000000,0000000,01
ART 030706,000062,PEPINO KG.               ,001,0000,001,000062,0000099,000000000,000005870,000000581,0000000,0000000,01
ART 030706,000435,LIMON                    ,001,0000,002,000435,0000120,000000000,000004835,000000580,0000000,0000000,01
ART 030706,000001,ACELGA KG.               ,001,0000,001,000001,0000120,000000000,000002755,000000331,0000000,0000000,01
ART 030706,000026,CHAMPIÑON GRANEL KG.     ,001,0000,001,000026,0000350,000000000,000001760,000000617,0000000,0000000,01
ART 030706,004842,MELON PERIS              ,001,0000,002,001458,0000220,000000000,000017135,000003769,0000000,0000000,01
ART 030706,000476,PERA CONFERENCE          ,001,0000,000,000476,0000290,000000000,000003020,000000877,0000000,0000000,01
ART 030706,001601,AGUA FONT VELLA 1 5L     ,001,0000,000,001601,0000065,000000003,000000000,000000195,0000000,0000000,01
ART 030706,000717,RUEDAS 100grs            ,001,0000,000,000717,0000096,000000003,000000000,000000288,0000000,0000000,01
ART 030706,000464,NECTARINA  ROJA          ,001,0000,001,000464,0000265,000000000,000005500,000001458,0000000,0000000,01
ART 030706,000457,MELON AMARILLO           ,001,0000,002,000457,0000220,000000000,000000000,000000000,0000000,0000000,01
ART 030706,000021,CEBOLLA FIGUERES KG.     ,001,0000,001,000021,0000169,000000000,000005795,000000980,0000000,0000000,01
ART 030706,000032,COL I FLOR UD.           ,001,0000,001,000032,0000250,000000003,000000000,000000750,0000000,0000000,01
ART 030706,001902,SOJA 1 2kgr              ,001,0000,000,001902,0000137,000000001,000000000,000000137,0000000,0000000,01
ART 030706,002876,FIDEO PERLA              ,001,0000,000,002876,0000084,000000001,000000000,000000084,0000000,0000000,01
ART 030706,000385,CANELA                   ,001,0000,000,000385,0000110,000000001,000000000,000000110,0000000,0000000,01
ART 030706,000465,NARANJA MARTA            ,001,0000,002,000465,0000160,000000000,000005540,000000794,0000000,0000000,01
ART 030706,000015,CALABACIN KG.            ,001,0000,001,000015,0000150,000000000,000005190,000000781,0000000,0000000,01
ART 030706,000067,PUERROS KG.              ,001,0000,001,000067,0000220,000000000,000003850,000000848,0000000,0000000,01
ART 030706,000411,CIRUELA BLANCA           ,001,0000,002,000411,0000350,000000000,000001995,000000699,0000000,0000000,01
ART 030706,000444,MANZANA ROJA EXTRA       ,001,0000,002,000444,0000210,000000000,000003860,000000811,0000000,0000000,01
ART 030706,000488,PLATANO MACHO            ,001,0000,002,000488,0000180,000000000,000003050,000000549,0000000,0000000,01
ART 030706,000278,CHUPACHUPS               ,001,0000,000,000278,0000005,000000003,000000000,000000015,0000000,0000000,01
ART 030706,000048,LECHUGA ICEBERG UD.      ,001,0000,001,000048,0000040,000000005,000000000,000000680,0000000,0000000,01
ART 030706,000483,PIÑA DEL MONTE KG.       ,001,0000,002,000483,0000166,000000000,000006715,000001115,0000000,0000000,01
ART 030706,000087,SETA GIRGOLA GRANEL      ,001,0000,000,000087,0000650,000000000,000000185,000000120,0000000,0000000,01
ART 030706,000047,COGOLLO UD.              ,001,0000,001,000047,0000175,000000006,000000000,000001050,0000000,0000000,01
ART 030706,000003,AJOS UD.                 ,001,0000,001,000003,0000099,000000003,000000000,000000297,0000000,0000000,01
ART 030706,003389,PIMIENTA NEGRA DANI      ,001,0000,000,003389,0000113,000000001,000000000,000000113,0000000,0000000,01
ART 030706,000078,TOMATE PERA KG.          ,001,0000,001,000078,0000140,000000000,000004670,000000655,0000000,0000000,01
ART 030706,000456,MELON BRUÑO              ,001,0000,002,000456,0000195,000000000,000000005,000000001,0000000,0000000,01
ART 030706,000458,MELON BRUÑO              ,001,0000,002,000458,0000255,000000000,000016815,000004288,0000000,0000000,01
ART 030706,000431,KIWI ZESPRI              ,001,0000,002,000431,0000375,000000000,000002570,000000964,0000000,0000000,01
ART 030706,000709,COCTEL 100 G             ,001,0000,000,000709,0000096,000000001,000000000,000000096,0000000,0000000,01
ART 030706,000036,ESPARRAGOS VERDES UD.    ,001,0000,001,000036,0000340,000000004,000000000,000001360,0000000,0000000,01
ART 030706,000080,LECHUGA TROCADERO UD.    ,001,0000,001,000080,0000120,000000001,000000000,000000120,0000000,0000000,01
ART 030706,000106,TOMATE RAFF              ,001,0000,001,000106,0000445,000000000,000000355,000000158,0000000,0000000,01
ART 030706,000219,ARENQUE                  ,001,0000,000,000219,0000070,000000001,000000000,000000070,0000000,0000000,01
ART 030706,000004,AJOS KG.                 ,001,0000,001,000004,0000455,000000000,000000645,000000293,0000000,0000000,01
ART 030706,004845,AGUACATE UD.             ,001,0000,002,001002,0000125,000000002,000000000,000000250,0000000,0000000,01
ART 030706,000037,ESPINACA MANOJO UD.      ,001,0000,001,000037,0000099,000000002,000000000,000000198,0000000,0000000,01
ART 030706,000713,TOMATE DESHIDRATADO      ,001,0000,000,000713,0000990,000000000,000000090,000000089,0000000,0000000,01
ART 030706,000266,GOLOSINAS GRANEL         ,001,0000,000,000266,0000600,000000000,000000395,000000237,0000000,0000000,01
ART 030706,000634,ZUMO P M I PRE 0 2L      ,001,0000,002,000634,0000095,000000001,000000000,000000095,0000000,0000000,01
ART 030706,000438,MANZANA GALA             ,001,0000,002,000438,0000240,000000000,000000460,000000110,0000000,0000000,01
ART 030706,002607,COCA COLA 0 33L          ,001,0000,000,002607,0000054,000000003,000000000,000000162,0000000,0000000,01
ART 030706,000409,CEREZAS                  ,001,0000,002,000409,0000395,000000000,000001230,000000486,0000000,0000000,01
ART 030706,000277,HUEVOS KINDER            ,001,0000,000,000277,0000100,000000003,000000000,000000300,0000000,0000000,01
ART 030706,001916,PICADAS                  ,001,0000,000,001916,0000040,000000001,000000000,000000040,0000000,0000000,01
ART 030706,000214,BACALAO DESMIGADO        ,001,0000,000,000214,0001640,000000000,000000375,000000615,0000000,0000000,01
ART 030706,004841,TOMATE CHERRY KG.        ,001,0000,001,001075,0000395,000000000,000000305,000000120,0000000,0000000,01
ART 030706,000844,VINAGRE NEGRO            ,001,0000,005,000844,0000095,000000001,000000000,000000095,0000000,0000000,01
ART 030706,000212,HUEVOS 1/2 DOCENA        ,001,0000,000,000212,0000079,000000004,000000000,000000316,0000000,0000000,01
ART 030706,000269,MENTOS,GOLIA,HAPPYDENT   ,001,0000,000,000269,0000060,000000001,000000000,000000060,0000000,0000000,01
ART 030706,000602,AGUA PASC  5L            ,001,0000,002,000602,0000099,000000001,000000000,000000099,0000000,0000000,01
ART 030706,000440,MANZANA GOLDEN           ,001,0000,002,000440,0000140,000000000,000009060,000001269,0000000,0000000,01
ART 030706,000466,NARANJA ZUMO             ,001,0000,002,000466,0000120,000000000,000001050,000000126,0000000,0000000,01
ART 030706,000707,PATATA CASERA 170grs     ,001,0000,000,000702,0000189,000000001,000000000,000000189,0000000,0000000,01
ART 030706,003801,JUDIA  HOSTAL            ,001,0000,000,003801,0000049,000000001,000000000,000000049,0000000,0000000,01
ART 030706,000075,TOMATE CHERRY UD.        ,001,0000,001,000075,0000110,000000005,000000000,000000550,0000000,0000000,01
ART 030706,000069,REMOLACHA COCIDA UD.     ,001,0000,001,000069,0000099,000000001,000000000,000000099,0000000,0000000,01
ART 030706,000101,PATATA PARMETINA         ,001,0000,001,000101,0000130,000000000,000001300,000000169,0000000,0000000,01
ART 030706,000441,MANZANA GRAND SMITH      ,001,0000,002,000441,0000180,000000000,000000350,000000063,0000000,0000000,01
ART 030706,000009,BERENGENA KG.            ,001,0000,001,000009,0000150,000000000,000001385,000000208,0000000,0000000,01
ART 030706,000686,VINO JOVEN               ,001,0000,000,000686,0000150,000000001,000000000,000000150,0000000,0000000,01
ART 030706,000463,NECTARINA BLANCA         ,001,0000,001,000463,0000265,000000000,000001130,000000299,0000000,0000000,01
ART 030706,000499,YUCA                     ,001,0000,002,000499,0000155,000000000,000000420,000000065,0000000,0000000,01
ART 030706,000279,TRIDENT SPEARMINT        ,001,0000,000,000279,0000060,000000002,000000000,000000120,0000000,0000000,01
ART 030706,000223,CHORIZO EXTRA            ,001,0000,000,000223,0000419,000000001,000000000,000000419,0000000,0000000,01
ART 030706,002816,BERBERE  NOLY            ,001,0000,000,002816,0000261,000000001,000000000,000000261,0000000,0000000,01
ART 030706,000207,REGINA                   ,001,0000,000,000207,0000750,000000000,000001285,000000964,0000000,0000000,01
ART 030706,000221,SECALLONA EXTRA          ,001,0000,000,000221,0000279,000000001,000000000,000000279,0000000,0000000,01
ART 030706,000008,APIO UD.                 ,001,0000,001,000008,0000120,000000001,000000000,000000120,0000000,0000000,01
ART 030706,000028,CHIRIVIA KG.             ,001,0000,001,000028,0000250,000000000,000000215,000000054,0000000,0000000,01
ART 030706,000056,NABOS KG.                ,001,0000,001,000056,0000250,000000000,000000810,000000203,0000000,0000000,01
ART 030706,001907,FRIJOLE BLANCO 1 2kg     ,001,0000,000,001907,0000139,000000001,000000000,000000139,0000000,0000000,01
ART 030706,000607,COCA COLA 2L             ,001,0000,002,000607,0000187,000000001,000000000,000000187,0000000,0000000,01
ART 030706,002737,COCTEL S CASCARA 200gr   ,001,0000,000,002737,0000100,000000001,000000000,000000100,0000000,0000000,01
ART 030706,000860,SOJA                     ,001,0000,000,000860,0000141,000000001,000000000,000000141,0000000,0000000,01
ART 030706,000000,Varios...                ,001,0000,000,000000,0000096,000000002,000000000,000000192,0000000,0000000,01
ART 030706,000719,AROS MAIZ 100grs         ,001,0000,000,000719,0000096,000000001,000000000,000000096,0000000,0000000,01
ART 030706,000680,PAN MOLDE DULCESOL       ,001,0000,000,000680,0000140,000000002,000000000,000000280,0000000,0000000,01
ART 030706,000011,BERROS UD.               ,001,0000,001,000011,0000240,000000001,000000000,000000240,0000000,0000000,01
ART 030706,004833,MELOCOTON AMARILLO 1ª    ,001,0000,002,001449,0000130,000000000,000002775,000000361,0000000,0000000,01
ART 030706,000033,ENDIVIA KG.              ,001,0000,001,000033,0000320,000000000,000000180,000000058,0000000,0000000,01
ART 030706,001487,PLATANO BOLSA            ,001,0000,000,001487,0000235,000000000,000003085,000000725,0000000,0000000,01
ART 030706,001419,FRESA 0.5 KG.UD.         ,001,0000,002,001419,0000250,000000001,000000000,000000250,0000000,0000000,01
ART 030706,000701,PIMIENTO PADRON          ,001,0000,001,000083,0000195,000000001,000000000,000000195,0000000,0000000,01
ART 030706,000620,LECHE PAS SEN 1L         ,001,0000,002,000620,0000115,000000001,000000000,000000115,0000000,0000000,01
ART 030706,000072,TOMATE VERDE KG.         ,001,0000,001,000072,0000165,000000000,000011870,000001700,0000000,0000000,01
ART 030706,002458,MELON ESTUDIANTE KG.     ,001,0000,002,002458,0000160,000000000,000002995,000000479,0000000,0000000,01
ART 030706,000050,LECHUGA LARGA UD.        ,001,0000,001,000050,0000080,000000014,000000000,000001000,0000000,0000000,01
ART 030706,000001,ACELGA KG.               ,001,0000,001,000001,0000120,000000000,000001255,000000151,0000000,0000000,01
ART 030706,000501,VARIOS NO PESADOS        ,001,0000,005,000501,0000026,000000002,000000000,-000003900,0000000,0000000,01
ART 030706,000488,PLATANO MACHO            ,001,0000,002,000488,0000180,000000000,000003115,000000561,0000000,0000000,01
ART 030706,000300,ACEITUNAS VARIAS         ,001,0000,000,000300,0000450,000000000,000004285,000002316,0000000,0000000,01
ART 030706,000465,NARANJA MARTA            ,001,0000,002,000465,0000160,000000000,000011555,000001848,0000000,0000000,01
ART 030706,000401,ALBARICOQUE KG.          ,001,0000,002,000401,0000225,000000000,000010515,000002108,0000000,0000000,01
ART 030706,000476,PERA CONFERENCE          ,001,0000,000,000476,0000290,000000000,000005285,000001534,0000000,0000000,01
ART 030706,002697,VINO BLANCO 2L           ,001,0000,000,002697,0000180,000000001,000000000,000000180,0000000,0000000,01
ART 030706,000081,ZANAHORIA KG.            ,001,0000,001,000081,0000099,000000000,000004425,000000438,0000000,0000000,01
ART 030706,000046,JUDIA PERONA KG.         ,001,0000,001,000046,0000490,000000000,000006105,000002567,0000000,0000000,01
ART 030706,000440,MANZANA GOLDEN           ,001,0000,002,000440,0000140,000000000,000006390,000000895,0000000,0000000,01
ART 030706,000024,CEBOLLA SECA KG.         ,001,0000,001,000024,0000080,000000000,000010290,000000824,0000000,0000000,01
ART 030706,000214,BACALAO DESMIGADO        ,001,0000,012,000214,0001640,000000000,000000550,000000902,0000000,0000000,01
ART 030706,000267,REPOSTERIA BOLSA         ,001,0000,006,000267,0000276,000000007,000000000,000000943,0000000,0000000,01
ART 030706,000268,REPOSTERIA GRA           ,001,0000,006,000268,0000615,000000000,000000535,000000294,0000000,0000000,01
ART 030706,000202,CARACOL BOVE SELEC       ,001,0000,011,000202,0001150,000000000,000001040,000001196,0000000,0000000,01
ART 030706,000464,NECTARINA  ROJA KG.      ,001,0000,002,000464,0000165,000000000,000011105,000001832,0000000,0000000,01
ART 030706,003491,SANDIA GALLO POLEN KG.   ,001,0000,002,003491,0000095,000000000,000045140,000004287,0000000,0000000,01
ART 030706,000024,CEBOLLA SECA KG.         ,001,0000,001,000024,0000080,000000000,000002435,000000195,0000000,0000000,01
ART 030706,000079,TOMATE RAMA KG.          ,001,0000,001,000079,0000130,000000000,000011675,000001625,0000000,0000000,01
ART 030706,000076,TOMATE MADURO KG.        ,001,0000,001,000076,0000099,000000000,000011700,000001157,0000000,0000000,01
ART 030706,000021,CEBOLLA FIGUERES KG.     ,001,0000,001,000021,0000169,000000000,000003770,000000637,0000000,0000000,01
ART 030706,000068,RABANOS BOLSA UD.        ,001,0000,001,000068,0000080,000000001,000000000,000000080,0000000,0000000,01
ART 030706,002697,VINO BLANCO 2L           ,001,0000,005,002697,0000180,000000001,000000000,000000180,0000000,0000000,01
ART 030706,000458,MELON BRUÑO              ,001,0000,002,000458,0000255,000000000,000002865,000000731,0000000,0000000,01
ART 030706,000500,VARIOS PESADOS           ,001,0000,002,000500,0000895,000000000,000000090,000000081,0000000,0000000,01
ART 030706,000221,SECALLONA EXTRA          ,001,0000,000,000221,0000295,000000002,000000000,000000590,0000000,0000000,01
ART 030706,000776,CACAHU  CASCA  200gr     ,001,0000,009,000776,0000118,000000001,000000000,000000118,0000000,0000000,01
ART 030706,001697,VINO BLANCO 5L           ,001,0000,005,001697,0000450,000000001,000000000,000000450,0000000,0000000,01
ART 030706,000444,MANZANA ROJA EXTRA       ,001,0000,002,000444,0000210,000000000,000001995,000000419,0000000,0000000,01
ART 030706,000133,SEMOLA DE VERDURAS KG.   ,001,0000,001,000133,0000437,000000000,000000280,000000122,0000000,0000000,01
ART 030706,000825,SALSA ALL I OLI SENSE OU ,001,0000,010,000825,0000171,000000001,000000000,000000171,0000000,0000000,01
ART 030706,000826,SALSA OLIVADA            ,001,0000,010,000826,0000232,000000001,000000000,000000232,0000000,0000000,01
ART 030706,001859,MAYONESA HELLMANS        ,001,0000,016,001859,0000112,000000001,000000000,000000112,0000000,0000000,01
ART 030706,000847,ARROZ PIGOT              ,001,0000,016,000847,0000124,000000001,000000000,000000124,0000000,0000000,01
ART 030706,000903,COUS-COUS 500 GRS.       ,001,0000,013,000903,0000120,000000001,000000000,000000120,0000000,0000000,01
ART 030706,000887,TOMATE TRITURADO         ,001,0000,010,000887,0000049,000000001,000000000,000000049,0000000,0000000,01
ART 030706,000212,HUEVOS 1/2 DOCENA        ,001,0000,016,000212,0000079,000000008,000000000,000000632,0000000,0000000,01
ART 030706,001624,SCHWEP NAR 0 33L         ,001,0000,015,001624,0000033,000000002,000000000,000000066,0000000,0000000,01
ART 030706,000080,LECHUGA TROCADERO UD.    ,001,0000,001,000080,0000120,000000001,000000000,000000120,0000000,0000000,01
ART 030706,000498,UVA ROSADA               ,001,0000,002,000498,0000330,000000000,000000650,000000215,0000000,0000000,01
ART 030706,001025,CEBOLLA TIERNA UD.       ,001,0000,001,001025,0000120,000000002,000000000,000000240,0000000,0000000,01
ART 030706,002607,COCA COLA 0 33L          ,001,0000,015,002607,0000054,000000003,000000000,000000162,0000000,0000000,01
ART 030706,000603,AGUA VERI 1 5L           ,001,0000,015,000603,0000056,000000001,000000000,000000056,0000000,0000000,01
ART 030706,000220,SARDINA COSTA            ,001,0000,012,000220,0000040,000000004,000000000,000000160,0000000,0000000,01
ART 030706,000396,LAUREL                   ,001,0000,004,000396,0000113,000000001,000000000,000000113,0000000,0000000,01
ART 030706,001635,COLACAO ENERGY           ,001,0000,015,001635,0000085,000000001,000000000,000000085,0000000,0000000,01
ART 030706,000411,CIRUELA BLANCA KG.       ,001,0000,002,000411,0000275,000000000,000000330,000000091,0000000,0000000,01
ART 030706,000392,JULIVERT                 ,001,0000,004,000392,0000119,000000001,000000000,000000119,0000000,0000000,01
ART 030706,000810,ESCALIVADA CASOLANA      ,001,0000,010,000810,0000299,000000001,000000000,000000299,0000000,0000000,01
ART 030706,000483,PIÑA DEL MONTE KG.       ,001,0000,002,000483,0000166,000000000,000001310,000000218,0000000,0000000,01
ART 030706,000466,NARANJA ZUMO             ,001,0000,002,000466,0000120,000000000,000001630,000000196,0000000,0000000,01
ART 030706,000400,FARIGOLA                 ,001,0000,004,000400,0000113,000000002,000000000,000000226,0000000,0000000,01
ART 030706,000011,BERROS UD.               ,001,0000,001,000011,0000240,000000001,000000000,000000240,0000000,0000000,01
ART 030706,001068,RABANOS UD.              ,001,0000,001,001068,0000050,000000006,000000000,000000300,0000000,0000000,01
ART 030706,001449,MELOCOTON AMARILLO KG.   ,001,0000,002,001449,0000130,000000000,000000735,000000096,0000000,0000000,01
ART 030706,001487,PLATANO BOLSA KG.        ,001,0000,002,001487,0000099,000000000,000000815,000000081,0000000,0000000,01
ART 030706,000709,COCTEL 100 G             ,001,0000,007,000709,0000096,000000001,000000000,000000096,0000000,0000000,01
ART 030706,000081,ZANAHORIA KG.            ,001,0000,001,000081,0000099,000000000,000001630,000000161,0000000,0000000,01
ART 030706,000457,MELON AMARILLO           ,001,0000,002,000457,0000099,000000000,000001130,000000112,0000000,0000000,01
ART 030706,003491,SANDIA GALLO POLEN KG.   ,001,0000,002,003491,0000095,000000000,000051535,000004896,0000000,0000000,01
ART 030706,000300,ACEITUNAS VARIAS         ,001,0000,000,000300,0000450,000000000,000004830,000002175,0000000,0000000,01
ART 030706,000062,PEPINO KG.               ,001,0000,001,000062,0000085,000000000,000002015,000000171,0000000,0000000,01
ART 030706,000066,PIMIENTO ROJO KG.        ,001,0000,001,000066,0000145,000000000,000003150,000000421,0000000,0000000,01
ART 030706,000456,MELON BRUÑO              ,001,0000,002,000456,0000230,000000000,000013420,000003087,0000000,0000000,01
ART 030706,000339,ALCAPARRONES             ,001,0000,003,000339,0000950,000000000,000000185,000000176,0000000,0000000,01
ART 030706,000078,TOMATE PERA KG.          ,001,0000,001,000078,0000120,000000000,000005015,000000601,0000000,0000000,01
ART 030706,000449,MELOCOTON AMARILLO KG.   ,001,0000,002,000449,0000265,000000000,000005845,000001550,0000000,0000000,01
ART 030706,000082,ZANAHORIA MANOJO UD.     ,001,0000,001,000082,0000130,000000002,000000000,000000260,0000000,0000000,01
ART 030706,000025,CEBOLLA TIERNA UD.       ,001,0000,001,000025,0000150,000000004,000000000,000000600,0000000,0000000,01
ART 030706,000269,MENTOS,GOLIA,HAPPYDENT   ,001,0000,008,000269,0000060,000000004,000000000,000000240,0000000,0000000,01
ART 030706,000501,VARIOS NO PESADOS        ,001,0000,002,000501,0000099,000000004,000000000,000000494,0000000,0000000,01
ART 030706,000000,Varios...                ,001,0000,000,000000,0000650,000000001,000004005,000001545,0000000,0000000,01
ART 030706,000639,VICHY 1l                 ,001,0000,015,000639,0000124,000000001,000000000,000000124,0000000,0000000,01
ART 030706,000014,BROQUIL VERDE UD.        ,001,0240,001,000014,0000280,000000003,000000000,000000840,0000000,0000000,01
ART 030706,000212,HUEVOS 1/2 DOCENA        ,001,0000,016,000212,0000079,000000011,000000000,000000869,0000000,0000000,01
ART 030706,000050,LECHUGA LARGA UD.        ,001,0000,001,000050,0000080,000000005,000000000,000000400,0000000,0000000,01
ART 030706,000035,ESCAROLA UD.             ,001,0000,001,000035,0000170,000000003,000000000,000000510,0000000,0000000,01
ART 030706,000051,LECHUGA REDONDA UD.      ,001,0000,001,000051,0000020,000000006,000000000,000000310,0000000,0000000,01
ART 030706,000001,ACELGA KG.               ,001,0000,001,000001,0000075,000000000,000000135,000000010,0000000,0000000,01
ART 030706,000067,PUERROS KG.              ,001,0000,001,000067,0000220,000000000,000001440,000000317,0000000,0000000,01
ART 030706,000476,PERA CONFERENCE          ,001,0000,002,000476,0000290,000000000,000003470,000001007,0000000,0000000,01
ART 030706,000411,CIRUELA BLANCA KG.       ,001,0000,002,000411,0000275,000000000,000001785,000000491,0000000,0000000,01
ART 030706,000079,TOMATE RAMA KG.          ,001,0000,001,000079,0000140,000000000,000004920,000000690,0000000,0000000,01
ART 030706,000464,NECTARINA  ROJA KG.      ,001,0000,002,000464,0000165,000000000,000001485,000000245,0000000,0000000,01
ART 030706,000401,ALBARICOQUE KG.          ,001,0000,002,000401,0000230,000000000,000004015,000000923,0000000,0000000,01
ART 030706,000004,AJOS KG.                 ,001,0000,001,000004,0000455,000000000,000000230,000000105,0000000,0000000,01
ART 030706,000065,PIMIENTO VERDE KG.       ,001,0000,001,000065,0000195,000000000,000001650,000000323,0000000,0000000,01
ART 030706,000058,PATATA KENEBEC KG.       ,001,0000,001,000058,0000095,000000000,000007550,000000718,0000000,0000000,01
ART 030706,000015,CALABACIN KG.            ,001,0000,001,000015,0000150,000000000,000001045,000000157,0000000,0000000,01
ART 030706,000006,ALCACHOFA KG.            ,001,0000,001,000006,0000385,000000000,000002200,000000847,0000000,0000000,01
ART 030706,000106,TOMATE RAFF KG.          ,001,0000,001,000106,0000099,000000000,000001705,000000169,0000000,0000000,01
ART 030706,000267,REPOSTERIA BOLSA         ,001,0000,006,000267,0000099,000000001,000000000,000000099,0000000,0000000,01
ART 030706,000465,NARANJA MARTA            ,001,0000,002,000465,0000140,000000000,000001420,000000217,0000000,0000000,01
ART 030706,000431,KIWI ZESPRI KG.          ,001,0000,002,000431,0000375,000000000,000003120,000001171,0000000,0000000,01
ART 030706,000311,ACEITUNA MUERTA          ,001,0000,003,000311,0000450,000000000,000000260,000000117,0000000,0000000,01
ART 030706,004840,PEPINO ESPAÑOL KG.       ,001,0000,001,001062,0000099,000000000,000002280,000000225,0000000,0000000,01
ART 030706,000892,LEJIA 5L                 ,001,0000,016,000892,0000166,000000001,000000000,000000166,0000000,0000000,01
ART 030706,000487,PLATANO KG.              ,001,0000,002,000487,0000195,000000000,000001810,000000353,0000000,0000000,01
ART 030706,000032,COL I FLOR UD.           ,001,0000,001,000032,0000195,000000003,000000000,000000487,0000000,0000000,01
ART 030706,000021,CEBOLLA FIGUERES KG.     ,001,0000,001,000021,0000169,000000000,000000530,000000090,0000000,0000000,01
ART 030706,000070,TOMATE DANIELA KG.       ,001,0000,001,000070,0000195,000000000,000002795,000000545,0000000,0000000,01
ART 030706,000220,SARDINA COSTA            ,001,0000,012,000220,0000040,000000002,000000000,000000080,0000000,0000000,01
ART 030706,000026,CHAMPIÑON GRANEL KG.     ,001,0000,001,000026,0000350,000000000,000000750,000000264,0000000,0000000,01
ART 030706,000467,NARANJA BOLSA            ,001,0000,002,000467,0000180,000000004,000000000,000000720,0000000,0000000,01
ART 030706,000205,CARACOL PLA              ,001,0000,011,000205,0000900,000000000,000000750,000000675,0000000,0000000,01
ART 030706,000009,BERENGENA KG.            ,001,0000,001,000009,0000099,000000000,000001940,000000192,0000000,0000000,01
ART 030706,004839,PATATA MONALIS 3 KG      ,001,0000,001,001059,0000345,000000002,000000000,000000690,0000000,0000000,01
ART 030706,000617,LECHE CAS SEN 2L         ,001,0000,002,000617,0000174,000000001,000000000,000000174,0000000,0000000,01
ART 030706,000801,POCHAS EXTRA FERRER      ,001,0000,010,000801,0000138,000000001,000000000,000000138,0000000,0000000,01
ART 030706,000453,MELOCOTON PARAGUAYO      ,001,0000,002,000453,0000450,000000000,000001620,000000730,0000000,0000000,01
ART 030706,000438,MANZANA GALA             ,001,0000,002,000438,0000240,000000000,000000890,000000214,0000000,0000000,01
ART 030706,000055,MONIATOS KG.             ,001,0000,001,000055,0000280,000000000,000000970,000000272,0000000,0000000,01
ART 030706,001036,ESPARRAGO VERDE UD.      ,001,0000,001,001036,0000195,000000001,000000000,000000195,0000000,0000000,01
ART 030706,000448,MANGOS AVION             ,001,0000,002,000448,0000125,000000001,000000000,000000125,0000000,0000000,01
ART 030706,000459,MELON GALLO KG.          ,001,0000,002,000459,0000140,000000000,000012175,000001704,0000000,0000000,01
ART 030706,002812,PULPO GALLEGO  PIGOT     ,001,0000,010,002812,0000170,000000002,000000000,000000340,0000000,0000000,01
ART 030706,000204,CARACOL BOVE MITJA       ,001,0000,011,000204,0000800,000000000,000001565,000001252,0000000,0000000,01
ART 030706,000115,ROSSIÑOL SETAS KG.       ,001,0000,001,000115,0001500,000000000,000000325,000000488,0000000,0000000,01
ART 030706,000030,COL LOMBARDA KG.         ,001,0000,001,000030,0000125,000000000,000000325,000000041,0000000,0000000,01
ART 030706,000072,TOMATE VERDE KG.         ,001,0000,001,000072,0000135,000000000,000001845,000000249,0000000,0000000,01
ART 030706,000440,MANZANA GOLDEN           ,001,0000,002,000440,0000140,000000000,000002295,000000321,0000000,0000000,01
ART 030706,001601,AGUA FONT VELLA 1 5L     ,001,0000,015,001601,0000065,000000003,000000000,000000195,0000000,0000000,01
ART 030706,000046,JUDIA PERONA KG.         ,001,0000,001,000046,0000395,000000000,000002095,000000828,0000000,0000000,01
ART 030706,000024,CEBOLLA SECA KG.         ,001,0000,001,000024,0000080,000000000,000003820,000000306,0000000,0000000,01
ART 030706,000454,MELOCOTON ROJO KG.       ,001,0000,002,000454,0000235,000000000,000004065,000000956,0000000,0000000,01
ART 030706,000278,CHUPACHUPS               ,001,0000,008,000278,0000005,000000001,000000000,000000005,0000000,0000000,01
ART 030706,000221,SECALLONA EXTRA          ,001,0000,000,000221,0000295,000000001,000000000,000000295,0000000,0000000,01
ART 030706,000266,GOLOSINAS GRANEL         ,001,0000,008,000266,0000600,000000000,000000185,000000111,0000000,0000000,01
ART 030706,001419,FRESA 0.5 KG.UD.         ,001,0000,002,001419,0000274,000000003,000000000,000000822,0000000,0000000,01
ART 030706,000869,CALDO POLLO              ,001,0000,016,000869,0000185,000000001,000000000,000000185,0000000,0000000,01
ART 030706,000871,CALDO PESCADO            ,001,0000,016,000871,0000185,000000001,000000000,000000185,0000000,0000000,01
ART 030706,000413,CIRUELA NEGRA KG.        ,001,0000,002,000413,0000295,000000000,000000820,000000242,0000000,0000000,01
ART 030706,000483,PIÑA DEL MONTE KG.       ,001,0000,002,000483,0000166,000000000,000001570,000000261,0000000,0000000,01
ART 030706,001075,TOMATE CHERRY KG.        ,001,0000,001,001075,0000395,000000000,000000680,000000268,0000000,0000000,01
ART 030706,000466,NARANJA ZUMO             ,001,0000,002,000466,0000120,000000000,000001340,000000161,0000000,0000000,01
ART 030706,000048,LECHUGA ICEBERG UD.      ,001,0000,001,000048,0000130,000000001,000000000,000000130,0000000,0000000,01
ART 030706,000696,VINO NEGRO GRANEL        ,001,0000,005,000696,0000099,000000002,000000000,000000198,0000000,0000000,01
ART 030706,001690,ENVASE  GARRAFA 2L       ,001,0000,005,001690,0000030,000000001,000000000,000000030,0000000,0000000,01
ART 030706,000059,PATATA MONALISA KG.      ,001,0000,001,000059,0000140,000000000,000001285,000000180,0000000,0000000,01
ART 030706,000080,LECHUGA TROCADERO UD.    ,001,0000,001,000080,0000120,000000001,000000000,000000120,0000000,0000000,01
ART 030706,002605,CERV S M LATA 0 33L      ,001,0000,015,002605,0000065,000000002,000000000,000000130,0000000,0000000,01
ART 030706,001645,BIOCKEY TROPICAL         ,001,0000,015,001645,0000065,000000001,000000000,000000065,0000000,0000000,01
VND 0106,OLGA                     ,000073245,000000000,000073130,000000134,000000464,000337030,000000000,000000000,01
VND 0110,CRISTINA                 ,000010569,000000000,000010329,000000025,000000076,000041310,000000000,000000000,01
VND 0101,JOANA                    ,000002123,000000000,000001545,000000004,000000007,000006895,000000000,000000000,01
VND 0107,MERMA                    ,000007025,000000000,000000000,000000001,000000036,000031150,000000000,000000000,01
VND 0110,CRISTINA                 ,000025833,000000000,000025679,000000051,000000156,000108225,000000000,000000000,01
VND 0114,MARCEL                   ,000021227,000000000,000021072,000000043,000000142,000116645,000000000,000000000,01
VND 0106,OLGA                     ,000030521,000000000,000030441,000000064,000000209,000119340,000000000,000000000,01
VND 0107,MERMA                    ,000004762,000000000,000000000,000000001,000000032,000035785,000000000,000000000,01
VND 0110,CRISTINA                 ,000009876,000000000,000009746,000000018,000000052,000038415,000000000,000000000,01
VND 0114,MARCEL                   ,000038062,000000000,000037902,000000059,000000208,000150350,000000000,000000000,01
VND 0106,OLGA                     ,000033450,000000000,000033174,000000068,000000198,000138120,000000000,000000000,01
VND 0107,MERMA                    ,000003146,000000000,000000000,000000001,000000037,000021970,000000000,000000000,01
VND 0114,MARCEL                   ,000037730,000000000,000037606,000000059,000000201,000159505,000000000,000000000,01
VND 0110,CRISTINA                 ,000006280,000000000,000006041,000000008,000000030,000018410,000000000,000000000,01
