0101001000037
0101002000595
0101003000600
0101004000619
0101005000697
0102001000031
0102002000033
0102003000087
0102004000464
0102005000686
0103001000040
0103002000041
0103003000043
0103004000044
0103005000057
0103006000072
0103007000090
0103008000091
0103009000092
0103010000093
0103011000101
0103012000000
0103013000116
0103014000117
0103015000355
0103016000724
0103017000495
0104001000038
0104002000039
0104003000062
0104004000063
0104005000065
0104006000708
0105001000900
0105002000921
0105003000924
0105004000925
0105005000934
0105006000936
0105007000937
0105008000938
0105009000939
0106001000014
0106002000015
0106003000017
0106004000018
0106005000019
0106006000020
0106007000021
0106008000160
0106009000680
0107001000375
0107002000783
0108001000381
0108002000394
0108003000762
0109001000467
0110001000795
0111001000319
0111002000344
0111003000371
0111004000448
0111005000777
0112001000768
0112002000769
0112003000803
0112004000830
0113001000780
0114001000791
0115001000810
0115002000811
0115003000860
0116001000074
0116002000077
0116003000082
0116004000083
0116005000088
0116006000203
0116007000206
0116008000207
0116009000208
0116010000209
0116011000210
0116012000211
0116013000213
0116014000215
0116015000216
0116016000217
0116017000224
0116018000283
0116019000284
0116020000285
0116021000294
0116022000299
0116023000301
0116024000391
0116025000617
0116026000774
0117001000262
0117002000264
0117003000265
0117004000266
0117005000267
0117006000268
0117007000269
0117008000271
0117009000272
0117010000273
0117011000274
0117012000275
0117013000276
0118001000342
0118002000765
0119001000787
0120001000493
0120002000715
0121001000219
0121002000220
0121003000221
0121004000514
0122001000066
0122002000067
0122003000070
0122004000075
0122005000086
0122006000421
0122007000465
0123001000074
0123002000077
0123003000082
0123004000083
0123005000088
0123006000203
0123007000206
0123008000207
0123009000208
0123010000209
0123011000210
0123012000211
0123013000213
0123014000215
0123015000216
0123016000217
0123017000224
0123018000283
0123019000284
0123020000285








