0171701043610001000002750000000000000300000988
0119831010260001000000000000000100000100001070
0121191013820001000003000000000000000100001047
0108121005870001000000250000000000000100000060
0105941005940001000001850000000000000200000644
0104581023400001000002650000000000000200000464
0105841023070001000009750000000000000500019014
0170521040190001000008850000000000000800014959
0168401034490001000007650000000000000300008415
0101041011360001000006700000000000000300002004
0169661038290001000004300000000000000100001967
0171161041770001000011950000000000000200002570
0120801008910001000005400000000000000400001810
0109841010870001000000000000000400000100002500
0101261011170001000003550000000000000100000728
0123071009550001000000000000000400000200002780
0101501014320001000000000000000200000100002590
0101371011770001000000000000000200000200001980
0171711043620001000005250000000000000500004174
0110161023040001000014750000000000000800014678
0104381005450001000001950000000000000300001355
0101221008270001000027950000000000001300010033
0171051041340001000006100000000000000100005460
0108651005630001000003150000000000000500001246
0119061005500001000004400000000000000700003079
0101271008920001000007350000000000000600001463
0108111023390001000029250000000000000600014596
0170061039030001000009450000000000000500003304
0120161010370001000020500000000000000600012895
0108661005540001000000750000000000000300000630
0169201037440001000048800000000000001000011686
0115031005160001000000300000000000000100000044
0115051005150001000001300000000000000200000181
0101201011930001000000000000000200000200003180
0105901006080001000004100000000000000300000800
0115041005140001000003050000000000000300000424
0104281005330001000000300000000000000100000072
0123021013390001000005150000000000000100001488
0100541008710001000004700000000000000200001340
0100431009790001000011050000000000000500002536
0115551011330001000009400000000000000600004692
0108671005570001000001000000000000000400000397
0102671011410001000003900000000000000200001520
0112351023140001000047900000000000000100018442
0100951014690001000005800000000000000400001468
0100891011560001000001150000000000000100000321
0122881010130001000000000000000100000100000615
0110871013330001000000000000000100000100000595
0100961014710001000001750000000000000100000593
0105761013270001000002050000000000000100000614
0120871011680001000000500000000000000100000190
0115641010400001000007900000000000000500005097
0118371014970001000017300000000000000200004826
0121971023150001000009050000000000000500005060
0122441012450001000006300000000000000200001354
0102381009150001000002350000000000000200000704
0111211008760001000000400000000000000100000184
0101001012870001000018600000000000000300006678
0104461023080001000128900000000000000200102926
0171621043360001000005350000000000000200001547
0102661014770001000004200000000000000100001508
0171541043050001000001200000000000000100000354
0104371005980001000008250000000000000700004282
0110281012090001000002250000000000000100000470
0101451014260001000000000000000300000300001185
0121711009510001000002150000000000000100001030
0113491014750001000003000000000000000200001468
0101421012360001000001800000000000000200000790
0169771038720001000000000000000200000200000450
0102291014280001000002700000000000000200000660
0101071013300001000001300000000000000100000298
0101441014250001000000000000000200000200001440
0110011013290001000003900000000000000100002165
0115011005190001000002150000000000000100000579
0171381042670001000002250000000000000100000808
0111461006090001000000600000000000000100000387
0122671005840001000000000000000200000200001700
0113701011620001000001200000000000000100000323
0120631011690001000000000000000100000100000450
0117871013090001000005700000000000000300001479
0114351013420001000001750000000000000100000349
0117351023260001000216450000000000000400281385
0113151023300001000273400000000000000400533131
0100781012110001000001800000000000000100000441
0102651010640001000002550000000000000100000966
0104821013440001000001950000000000000100000380
0122491009090001000002600000000000000200000674
0122161005910001000000300000000000000100000138
0115031005160001000000500000000000000100000073
0104581023400001000008350000000000000900001464
0108111023390001000021950000000000001000010954
0105841023070001000015500000000000000700030225
0170521040190001000012550000000000000700021210
0168401034490001000027900000000000001000030690
0111461006090001000001950000000000000500001259
0114361005810001000000700000000000000100000179
0119061005500001000023250000000000000400016264
0108651005630001000004900000000000000500001937
0171711043620001000008850000000000000300007037
0104281005330001000000200000000000000100000048
0104371005980001000015600000000000000600008097
0105941005940001000003800000000000000200001322
0101421012360001000002100000000000000300000921
0108661005540001000001650000000000000200001385
0117001008310001000000000000000200000200002300
0171691043600001000000250000000000000200000090
0171701043610001000000100000000000000100000036
0121971023150001000006750000000000000500003772
0118371014970001000012300000000000000600003432
0169771038720001000000000000000400000200000900
0108671005570001000002400000000000000400000949
0100541008710001000007500000000000000700002141
0104861014620001000001100000000000000100000549
0110161023040001000000900000000000000200000896
0110281012090001000013400000000000000400002802
0110011013290001000014850000000000000800008242
0169661038290001000008750000000000000300004002
0120161010370001000007550000000000000400004748
0101221008270001000045200000000000002200016230
0118251013100001000017250000000000000900005658
0105461014630001000007350000000000000400003050
0121351005660001000000200000000000000100000371
0100741014550001000003700000000000000200000812
0100431009790001000023300000000000001100005347
0170101039220001000007750000000000000700003942
0123021013390001000006500000000000000400001879
0115011005190001000019050000000000000500005133
0171391042710001000003400000000000000200001356
0104641023170001000017100000000000000900015374
0101271008920001000017700000000000001000003523
0113021014420001000019100000000000000200006016
0169201037440001000035200000000000001000008431
0170631040430001000004650000000000000300003807
0108121005870001000019350000000000001800004625
0101451014260001000000000000000300000300001185
0170651040450001000003100000000000000200002774
0104341005360001000005250000000000000300002568
0102651010640001000011100000000000000500004208
0171541043050001000001150000000000000100000339
0117871013090001000028450000000000001000007383
0100951014690001000002500000000000000200000632
0122501011500001000005700000000000000200002206
0168121033920001000004400000000000000200001142
0105761013270001000008200000000000000200002456
0115551011330001000006700000000000000200003344
0171071041360001000007400000000000000200001962
0119751009800001000005700000000000000200001568
0109841010870001000000000000000100000100000625
0122491009090001000013500000000000000900003502
0101261011170001000001200000000000000100000246
0101041011360001000006450000000000000300001929
0120871011680001000009000000000000000500003412
0122471012640001000001100000000000000100000394
0122621013780001000005100000000000000300001275
0100961014710001000010150000000000000800003440
0170761040760001000005700000000000000300002652
0111211008760001000007200000000000000300003306
0171721043840001000007500000000000000300004425
0104381005450001000002200000000000000300001530
0117601012010001000000300000000000000100000111
0171731043820001000000000000000200000200001500
0104821013440001000005400000000000000400001052
0102661014770001000004050000000000000100001454
0100891011560001000007100000000000000400001981
0120071010380001000007250000000000000400003835
0171671043530001000001050000000000000100000310
0121711009510001000007200000000000000300003450
0120801008910001000006900000000000000400002312
0115051005150001000006000000000000000300000834
0113921009880001000000000000000300000300002085
0102291014280001000002300000000000000100000562
0115641010400001000006550000000000000700004226
0101531014440001000000000000000100000100000670
0115071005110001000012750000000000000300001863
0170061039030001000006050000000000000400002115
0122671005840001000000000000000200000200001700
0111841008360001000003150000000000000100001068
0170411040060001000048150000000000000100018754
0169791038750001000003850000000000000200001267
0101501014320001000000000000000100000100001295
0122451015300001000000000000000100000100000945
0170511040180001000002000000000000000100002200
0110871013330001000000000000000100000100000595
0120011015370001000001750000000000000100000728
0108671005570001000000150000000000000100000059
0104581023400001000027350000000000001700004789
0108111023390001000014050000000000001000007011
0105841023070001000027250000000000001300053139
0170511040180001000034150000000000002600037565
0105941005940001000000200000000000000100000070
0171701043610001000003550000000000000600001275
0171691043600001000003400000000000000400001221
0108651005630001000005350000000000000500002113
0120331012850001000003800000000000000200001518
0120871011680001000006600000000000000400002502
0119061005500001000009100000000000001600006367
0108661005540001000009500000000000001400007972
0101271008920001000009850000000000000500001960
0108121005870001000014100000000000001000003371
0104371005980001000000150000000000000100000078
0110611014520001000009650000000000000800004103
0171671043530001000001800000000000000200000532
0100541008710001000008600000000000000400002452
0122161005910001000005850000000000000300002685
0170651040450001000016700000000000001400014946
0101041011360001000030000000000000001100008970
0170521040190001000013850000000000000300023407
0171681043580001000005200000000000000200000830
0171711043620001000003950000000000000800003143
0101681010150001000000000000000300000300001710
0115641010400001000026600000000000001600017160
0119231012000001000006000000000000000200002034
0121971023150001000032550000000000002400018196
0115551011330001000019350000000000001300009658
0112641023320001000139800000000000000200105550
0104281005330001000000250000000000000100000060
0120631011690001000000000000000800000800003600
0101441014250001000000000000000300000300002160
0169201037440001000079600000000000002700019067
0101191008290001000007000000000000000200002586
0100361011600001000006600000000000000200001778
0100951014690001000021100000000000001200005340
0169771038720001000000000000001400001400003150
0122441012450001000032150000000000001800006911
0102381009150001000013800000000000001100004132
0110281012090001000024600000000000000900005139
0171491042950001000092100000000000000200018374
0104381005450001000000150000000000000100000104
0101001012870001000006900000000000000200002478
0118671011990001000000000000000200000200001590
0111211008760001000013800000000000000600006333
0113921009880001000000000000001800001500012510
0171501042960001000152200000000000000200060804
0101241010660001000000000000000200000200002250
0122471012640001000002100000000000000200000752
0100961014710001000032600000000000001300011050
0111321014300001000000000000001100001100007590
0120161010370001000047650000000000003400029970
0170761040760001000022500000000000000900010473
0114621011150001000007350000000000000600002169
0100741014550001000022500000000000001300004940
0171721043840001000003000000000000000300001770
0171051041340001000006300000000000000200005638
0114101013200001000003600000000000000300001689
0101221008270001000104100000000000005100037362
0123071009550001000000000000000600000600004170
0170061039030001000025400000000000001100008877
0169661038290001000028850000000000001400013200
0170101039220001000029800000000000001600015171
0104461023080001000191550000000000000300152952
0102291014280001000012900000000000001000003155
0115051005150001000004650000000000000300000645
0113701011620001000005400000000000000300001455
0120011015370001000010650000000000000700004430
0170451040120001000008550000000000000300003207
0171651043400001000009000000000000000300002961
0101261011170001000003300000000000000300000678
0105461014630001000020250000000000000900008404
0119981010610001000014200000000000001400005199
0115041005140001000007750000000000000800001076
0115011005190001000019250000000000001200005185
0122451015300001000000000000000400000400003780
0171661043420001000006000000000000000400001796
0171041041330001000006600000000000000600001911
0101421012360001000010050000000000000600004413
0168121033920001000032750000000000001600008499
0109841010870001000000000000000700000700004375
0170411040060001000095800000000000000200037314
0113151023300001000026500000000000002000051677
0110011013290001000009450000000000000600005247
0101531014440001000000000000000300000300002010
0118251013100001000015150000000000000600004971
0117751009900001000000000000001100001100016005
0118651010580001000000000000001400001400006930
0117871013090001000017450000000000001000004527
0122751011900001000015800000000000000400006156
0101451014260001000000000000001000001000003950
0114451013140001000014200000000000000600004104
0100431009790001000024850000000000001300005704
0122881010130001000000000000000400000400002460
0104821013440001000002100000000000000200000410
0117601012010001000018000000000000000700006641
0111841008360001000012600000000000000400004272
0111461006090001000011150000000000001500007193
0169251037510001000010650000000000000700005861
0104641023170001000033450000000000002000030071
0169811038730001000000000000000300000300001875
0105901006080001000022800000000000001200004452
0120581015360001000012900000000000000300005019
0101051011000001000009300000000000000300003060
0118461013240001000006200000000000000400002352
0101501014320001000000000000000300000300003885
0159101030910001000000000000000300000300001785
0110161023040001000008500000000000000400008458
0102391013510001000000000000000300000300003570
0121431012820001000002700000000000000300000996
0120261012050001000007800000000000000600003006
0102661014770001000024300000000000000600008724
0120071010380001000004500000000000000300002382
0122491009090001000003450000000000000300000894
0102671011410001000015000000000000000500005845
0171541043050001000004350000000000000400001284
0110871013330001000000000000000300000300001785
0104861014620001000004000000000000000400001996
0122661005770001000000000000000300000300002550
0171381042670001000003300000000000000300001185
0115671008300001000000000000000500000500005750
0122501011500001000011600000000000000400004488
0121351005660001000001300000000000000600002412
0101071013300001000005800000000000000200001332
0102521010180001000000000000000200000200001030
0171391042710001000003600000000000000200001436
0119751009800001000017500000000000000700004813
0171071041360001000006300000000000000200001670
0122621013780001000006300000000000000400001577
0120801008910001000001500000000000000200000502
0111651023230001000002200000000000000200003718
0101001012870001000033450000000000000700012010
0100741014550001000009000000000000000400001976
0171691043600001000002000000000000000200000718
0171701043610001000002000000000000000200000718
0120531010410001000000800000000000000200000296
0108651005630001000005200000000000000400002054
0171711043620001000004100000000000000400003260
0101071013300001000010500000000000000300002409
0108671005570001000001450000000000000300000573
0171651043400001000003700000000000000200001218
0121971023150001000002900000000000000300001621
0121711009510001000003600000000000000200001724
0171310544410001000000000000000600000400002970
0123071009550001000000000000000200000200001390
0110011013290001000008600000000000000200004774
0171621043360001000004200000000000000200001214
0101221008270001000016200000000000000600005814
0100181012170001000002900000000000000200000740
0119981010610001000003150000000000000300001152
0120331012850001000007500000000000000300002997
0108121005870001000022200000000000000800005307
0112901014870001000009650000000000000500002213
0121431012820001000005150000000000000400001900
0100431009790001000028100000000000001200006448
0169201037440001000005100000000000000400001222
0105941005940001000000150000000000000100000052
0121191013820001000001400000000000000200000488
0170801040820001000001900000000000000200001502
0105841023070001000000150000000000000100000293
0104581023400001000012750000000000000900002232
0108111023390001000005550000000000000400002770
0170511040180001000027600000000000000800030360
0171721043840001000004200000000000000200002478
0120261012050001000007200000000000000200002772
0120161010370001000007900000000000000200004970
0122621013780001000000150000000000000100000038
0102521010180001000000000000000200000200001030
0168661036180001000000000000000400000200001980
0115011005190001000002700000000000000300000729
0121351005660001000000400000000000000100000742
0100951014690001000008100000000000000200002050
0171541043050001000001800000000000000200000532
0101051011000001000001450000000000000100000477
0113151023300001000012350000000000000800024084
0101451014260001000000000000000200000200000790
0115551011330001000003600000000000000200001796
0114101013200001000001200000000000000200000564
0170411040060001000148350000000000000300057783
0171661043420001000006750000000000000300002019
0110871013330001000000000000000200000200001190
0170101039220001000001200000000000000200000610
0120871011680001000019950000000000000800007561
0101681010150001000000000000000200000200001140
0118371014970001000002900000000000000200000810
0102071011260001000005600000000000000200001678
0114621011150001000002600000000000000200000768
0101451014260001000000000000000200000200000790
0109841010870001000000000000000200000200001250
0120631011690001000000000000000200000200000900
0118671011990001000000000000000200000200001590
0113921009880001000000000000000200000200001390
0101221008270001000025350000000000001500009102
0121191013820001000007400000000000000200002582
0100361011600001000005300000000000000200001428
0102671011410001000003500000000000000400001364
0119351015450001000001500000000000000200000554
0118651010580001000000000000000400000400001980
0100541008710001000005200000000000000300001482
0110871013330001000000000000000200000200001190
0115041005140001000004200000000000000300000584
0122441012450001000003000000000000000200000646
0100181012170001000002300000000000000200000586
0113151023300001000032050000000000001900062501
0110161023040001000006500000000000000200006468
0170061039030001000015850000000000000700005539
0101071013300001000005000000000000000200001148
0119751009800001000002100000000000000200000578
0169201037440001000018500000000000000800004432
0121971023150001000002600000000000000300001453
0122451015300001000000000000000200000200001890
0101041011360001000004400000000000000200001316
0117001008310001000000000000000200000200002300
0171951044720001000006000000000000000200003234
0101031013600001000006900000000000000200003236
0101421012360001000002600000000000000200001142
0112641023320001000194550000000000000300146886
0100431009790001000014800000000000000600003396
0118251013100001000003300000000000000200001082
0101241010660001000000000000000200000200002250
0102291014280001000002600000000000000200000636
0115051005150001000006400000000000000300000890
0110281012090001000008300000000000000200001734
0101821014130001000004200000000000000200001450
0122491009090001000008500000000000000400002206
0101201011930001000000000000000200000200003180
0171671043530001000004350000000000000300001284
0170521040190001000002300000000000000200003888
0118721014350001000004850000000000000300001527
0122751011900001000003500000000000000200001364
0120331012850001000008500000000000000400003396
0102381009150001000005800000000000000400001736
0170511040180001000006550000000000000400007205
0104581023400001000003400000000000000200000596
0171101041450001000003000000000000000300002817
0120261012050001000012100000000000000600004660
0119061005500001000003500000000000000400002448
0108661005540001000003000000000000000300002517
0108671005570001000013200000000000000200005214
0108121005870001000006000000000000000300001433
0114101013200001000002300000000000000200001080
0111211008760001000008000000000000000200003672
0120161010370001000031100000000000000600019564
0117871013090001000009200000000000000400002388
0123071009550001000000000000000200000200001390
0115551011330001000001750000000000000300000873
0169661038290001000002500000000000000400001144
0160871030840001000000000000000200000200001700
0121351005660001000006050000000000000700011226
0105901006080001000001800000000000000300000351
0170101039220001000004000000000000000400002036
0121711009510001000006000000000000000400002874
0171711043620001000011300000000000000500008985
0100891011560001000000600000000000000100000167
0108111023390001000041800000000000000700020858
0104501023240001000001450000000000000100001813
0110271012130001000000300000000000000100000069
0100781012110001000001850000000000000100000453
0171041041330001000002900000000000000100000840
0105471010070001000001150000000000000100000516
0122621013780001000007900000000000000200001976
0104821013440001000002000000000000000200000390
0121171023330001000002300000000000000200005060
0115551011330001000005950000000000000500002968
0108111023390001000015000000000000000700007485
0113151023300001000010550000000000000600020574
0121971023150001000019200000000000000600010734
0171101041450001000003400000000000000200003192
0122161005910001000000300000000000000100000138
0110161023040001000005600000000000000600005574
0100431009790001000005600000000000000200001286
0113361014580001000001200000000000000100000467
0171971044730001000000650000000000000200000299
0105461014630001000002700000000000000200001120
0108121005870001000003400000000000000200000812
0171691043600001000004100000000000000500001472
0105901006080001000007450000000000000300001454
0115071005110001000008800000000000000200001284
0101821014130001000002800000000000000200000966
0122491009090001000015100000000000000900003917
0104581023400001000011150000000000001000001951
0170061039030001000013700000000000000500004790
0114451013140001000005900000000000000300001705
0118671011990001000000000000000300000300002385
0117871013090001000016900000000000000600004386
0121711009510001000003650000000000000100001748
0102651010640001000008350000000000000100003165
0108671005570001000000200000000000000100000079
0102661014770001000036500000000000000400013104
0120871011680001000027300000000000001700010349
0169791038750001000005950000000000000100001958
0171711043620001000002950000000000000300002346
0111651023230001000002100000000000000200003550
0115041005140001000001300000000000000200000180
0170631040430001000007850000000000000500006430
0170801040820001000002000000000000000200001580
0168401034490001000002400000000000000200002640
0171051041340001000001200000000000000200001074
0101041011360001000004700000000000000200001406
0122621013780001000006300000000000000500001575
0110271012130001000005500000000000000200001262
0171391042710001000005800000000000000200002314
0104501023240001000000250000000000000100000313
0110011013290001000004250000000000000200002359
0105761013270001000001750000000000000100000524
0108661005540001000002900000000000000600002434
0123071009550001000000000000000300000300002085
0101441014250001000000000000000100000100000720
0105941005940001000001300000000000000200000453
0111461006090001000002250000000000000300001451
0169661038290001000009500000000000000300004346
0114621011150001000003300000000000000200000974
0171701043610001000001050000000000000300000377
0120261012050001000005100000000000000300001965
0117601012010001000004900000000000000200001808
0119061005500001000001150000000000000300000805
0119981010610001000003900000000000000200001428
0170651040450001000007400000000000000500006623
0171881044450001000022250000000000000700018357
0101001012870001000025350000000000000100009101
0169201037440001000016700000000000000700003999
0171621043360001000004800000000000000400001388
0102291014280001000006350000000000000300001553
0101221008270001000007850000000000000500002817
0170671223300001000001200000000000000200000582
0101191008290001000013500000000000000300004989
0168121033920001000012850000000000000400003333
0170511040180001000003000000000000000200003300
0101011012890001000002100000000000000200000774
0104371005980001000002250000000000000300001168
0170101039220001000002600000000000000200001324
0100181012170001000004100000000000000200001046
0112641023320001000136400000000000000200102982
0115051005150001000000100000000000000100000014
0102391013510001000000000000000100000100001190
0105841023070001000028500000000000000800055579
0122441012450001000002550000000000000100000548
0111321014300001000000000000000200000200001380
0113701011620001000003900000000000000200001052
0111781010880001000002900000000000000100000798
0121351005660001000000150000000000000100000278
0119831010260001000000000000000200000200002140
0119061005500001000002400000000000000400001680
0170511040180001000014100000000000000400015510
0113151023300001000022100000000000001600043098
0105841023070001000008750000000000000300017064
0108111023390001000001400000000000000200000699
0108121005870001000012100000000000001300002890
0171631043380001000014300000000000000600004112
0104281005330001000000200000000000000100000048
0171701043610001000000150000000000000100000054
0104381005450001000000100000000000000100000070
0105941005940001000000350000000000000100000122
0108671005570001000000100000000000000100000040
0108661005540001000002100000000000000500001764
0104341005360001000008400000000000000200004108
0101221008270001000062950000000000002000022602
0108651005630001000000100000000000000100000040
0104641023170001000000200000000000000100000180
0101441014250001000000000000000200000200001440
0121971023150001000001150000000000000200000643
0110161023040001000082500000000000000600082089
0118251013100001000022400000000000000300007348
0105461014630001000002800000000000000200001162
0109841010870001000000000000000200000200001250
0170671223300001000002500000000000000200001212
0169661038290001000014100000000000000500006452
0110281012090001000012450000000000000500002603
0104371005980001000000100000000000000100000052
0111461006090001000000350000000000000100000226
0120821014370001000000000000000300000300001785
0120871011680001000014450000000000000700005476
0171691043600001000000650000000000000300000234
0104581023400001000012850000000000000600002251
0122441012450001000003600000000000000200000774
0122881010130001000000000000001200001200007380
0169201037440001000020550000000000001000004922
0171971044730001000008100000000000000200003718
0101191008290001000003400000000000000200001256
0110011013290001000005700000000000000200003164
0115041005140001000013400000000000000200001862
0171651043400001000003000000000000000200000988
0123071009550001000000000000000200000200001390
0170791040810001000004000000000000000200002760
0115011005190001000012000000000000000700003234
0100221011750001000003200000000000000200000734
0104461023080001000193650000000000000300154629
0114621011150001000006500000000000000400001918
0118461013240001000009200000000000000200003492
0100951014690001000030500000000000000400007715
0100361011600001000006400000000000000300001724
0121711009510001000004600000000000000200002204
0101501014320001000000000000000200000200002590
0171711043620001000008250000000000000300006559
0171391042710001000008550000000000000400003412
0114351013420001000004400000000000000200000878
0114361005810001000004000000000000000300001021
0105471010070001000013000000000000000400005836
0168661036180001000000000000000100000100000495
0117351023260001000001800000000000000300002340
0169771038720001000000000000001500001500003375
0171671043530001000002200000000000000400000648
0100431009790001000009300000000000000400002135
0170061039030001000010600000000000000500003703
0121351005660001000000100000000000000100000186
0120011015370001000005300000000000000400002206
0118671011990001000000000000000200000200001590
0171621043360001000001050000000000000100000303
0113701011620001000000550000000000000100000148
0118371014970001000001800000000000000100000502
0170631040430001000005100000000000000600004176
0101451014260001000000000000000100000100000395
0120531010410001000009500000000000000300003506
0112901014870001000004100000000000000200000940
0101681010150001000000000000000200000200001140
0102391013510001000000000000000200000200002380
0113021014420001000003550000000000000100001118
0105461014630001000003000000000000000200001245
0121191013820001000010300000000000000400003595
0105901006080001000008300000000000000400001620
0113151023300001000005950000000000000600011603
0122881010130001000000000000000300000300001845
0122501011500001000020300000000000000800007855
0101221008270001000037900000000000001700013606
0113361014580001000022850000000000000900008898
0122491009090001000009450000000000000500002452
0100951014690001000016600000000000001200004200
0100431009790001000013100000000000000600003006
0120801008910001000001300000000000000200000436
0171381042670001000016300000000000000800005852
0104861014620001000004000000000000000200001996
0170411040060001000139200000000000000300054219
0119751009800001000002500000000000000200000688
0170061039030001000008100000000000000300002832
0115641010400001000019150000000000000600012354
0101451014260001000000000000000400000400001580
0122671005840001000000000000001200000600010200
0168681036190001000000000000000200000200000790
0110161023040001000003800000000000000400003782
0102061009470001000002300000000000000200000748
0171391042710001000003300000000000000200001316
0170511040180001000023800000000000000800026180
0171071041360001000008400000000000000300002226
0171621043360001000011600000000000000200003352
0114621011150001000003300000000000000200000974
0119061005500001000001100000000000000200000770
0101001012870001000004400000000000000200001580
0102671011410001000013500000000000000200005258
0171101041450001000002650000000000000300002489
0114641005800001000010400000000000000200002074
0121711009510001000001500000000000000100000719
0171711043620001000007750000000000000600006161
0115011005190001000011000000000000000300002965
0100181012170001000004250000000000000300001084
0118671011990001000000000000000200000200001590
0111321014300001000000000000000200000200001380
0170631040430001000018200000000000000600014906
0120011015370001000005700000000000000200002372
0169201037440001000019800000000000000600004742
0169791038750001000005000000000000000200001646
0111461006090001000002650000000000000300001709
0100361011600001000001200000000000000200000324
0169771038720001000000000000000200000200000450
0104581023400001000038200000000000000900006686
0109841010870001000000000000000300000300001875
0169661038290001000007600000000000000500003477
0170651040450001000006000000000000000400005370
0118371014970001000001800000000000000200000502
0102291014280001000006600000000000000400001614
0105841023070001000006600000000000000400012872
0170101039220001000006950000000000000300003538
0105941005940001000012300000000000000300004280
0100781012110001000000400000000000000100000098
0121971023150001000003100000000000000400001733
0115041005140001000001200000000000000200000166
0115091005130001000002500000000000000100000365
0169320032550001000000000000000100000100049500
0101051011000001000000800000000000000100000263
0171651043400001000003300000000000000200001086
0108661005540001000001350000000000000200001133
0118651010580001000000000000000200000200000990
0110281012090001000001500000000000000100000314
0171161041770001000021500000000000000200004622
0117871013090001000003200000000000000200000830
0108121005870001000002500000000000000300000598
0171041041330001000007700000000000000200002230
0114351013420001000003050000000000000100000608
0121351005660001000002100000000000000200003896
0117751009900001000000000000000200000200002910
0122471012640001000000950000000000000100000340
0104461023080001000263500000000000000400210404
0119351015450001000002900000000000000200001072
0115031005160001000015400000000000000200002248
0122491009090001000008400000000000000600002178
0101421012360001000003900000000000000200001712
0171711043620001000005850000000000000700004651
0115041005140001000006350000000000000200000883
0171671043530001000005250000000000000300001548
0171651043400001000026300000000000000600008654
0100431009790001000027950000000000001300006415
0122471012640001000015750000000000000300005640
0117351023260001000438400000000000000400569920
0113361014580001000004000000000000000300001559
0111781010880001000009450000000000000300002598
0171621043360001000022700000000000001100006559
0168121033920001000016000000000000000800004152
0122451015300001000000000000000300000300002835
0101451014260001000000000000000600000600002370
0170101039220001000007600000000000000600003870
0104501023240001000004650000000000000300005814
0113151023300001000015700000000000001300030615
0121971023150001000014650000000000001000008191
0114451013140001000010150000000000000500002932
0169791038750001000003800000000000000200001250
0108121005870001000018500000000000001600004421
0171101041450001000006150000000000000600005776
0102291014280001000004300000000000000200001052
0122441012450001000009000000000000000400001934
0101221008270001000082450000000000003200029600
0169201037440001000035450000000000001600008489
0120161010370001000022800000000000001000014343
0101821014130001000003300000000000000200001138
0122671005840001000000000000000300000300002550
0171691043600001000002150000000000000100000772
0171881044450001000001550000000000000100001279
0170061039030001000020650000000000000700007218
0100891011560001000004800000000000000300001338
0100951014690001000020400000000000000800005161
0100361011600001000010800000000000000300002910
0119981010610001000009900000000000000600003624
0120821014370001000000000000000300000300001785
0105761013270001000004800000000000000200001438
0118251013100001000012050000000000000500003954
0113701011620001000013350000000000000600003597
0108661005540001000014000000000000001000011748
0108671005570001000000850000000000000400000336
0108651005630001000004200000000000000700001659
0119061005500001000000850000000000000400000595
0115551011330001000030050000000000001000014993
0100181012170001000009450000000000000400002411
0171391042710001000005300000000000000200002114
0117871013090001000009650000000000000500002504
0105841023070001000018150000000000001400035397
0169661038290001000016850000000000000600007710
0111211008760001000000650000000000000100000298
0170761040760001000005300000000000000200002468
0171641043390001000005700000000000000300001854
0120071010380001000005700000000000000300003015
0101441014250001000000000000000800000800005760
0171631043380001000005250000000000000300001509
0105901006080001000014800000000000000800002888
0104581023400001000013800000000000001000002416
0104821013440001000006450000000000000300001257
0110281012090001000004200000000000000300000879
0170651040450001000003450000000000000300003087
0101261011170001000012600000000000000400002584
0171331042430001000009350000000000000400005124
0108111023390001000012050000000000000700006014
0100961014710001000000800000000000000100000271
0110011013290001000004850000000000000300002691
0115641010400001000028100000000000001600018124
0121431012820001000004150000000000000300001532
0111321014300001000000000000000200000200001380
0119351015450001000009400000000000000300003474
0114641005800001000005700000000000000300001137
0171951044720001000003600000000000000800001941
0122881010130001000000000000000700000700004305
0101001012870001000015150000000000000300005439
0170411040060001000194200000000000000400075640
0102651010640001000003400000000000000200001288
0171541043050001000001600000000000000200000472
0119751009800001000010900000000000000200002998
0122621013780001000000200000000000000100000050
0102521010180001000000000000000200000200001030
0121711009510001000004800000000000000300002298
0101271008920001000007300000000000000400001454
0101051011000001000005400000000000000200001776
0121191013820001000003700000000000000200001292
0120801008910001000002000000000000000300000671
0104861014620001000004400000000000000400002196
0120871011680001000003050000000000000300001155
0115011005190001000002100000000000000200000566
0114621011150001000000950000000000000100000280
0171071041360001000002400000000000000200000636
0171381042670001000001050000000000000100000377
0123021013390001000003450000000000000300000996
0113921009880001000000000000000100000100000695
0102061009470001000005200000000000000200001690
0120331012850001000002500000000000000100000999
0170511040180001000018700000000000001000020570
0170521040190001000003900000000000000300006591
0171661043420001000002000000000000000200000598
0120261012050001000004700000000000000200001810
0104641023170001000034150000000000000400030701
0120631011690001000000000000000200000200000900
0113491014750001000001300000000000000200000636
0102521010180001000000000000000700000700003605
0101191008290001000011650000000000000700004307
0102381009150001000005250000000000000300001572
0113361014580001000004050000000000000300001578
0171541043050001000008600000000000000700002538
0170061039030001000012400000000000000400004332
0171631043380001000006450000000000000500001855
0101051011000001000017200000000000001000005657
0171041041330001000002150000000000000100000622
0114641005800001000003000000000000000300000600
0104581023400001000019400000000000001300003396
0171641043390001000008850000000000000300002877
0171661043420001000003000000000000000400000896
0105901006080001000011700000000000000800002284
0171331042430001000014400000000000000400007891
0169201037440001000064450000000000002500015432
0105461014630001000011900000000000000700004939
0118721014350001000001150000000000000100000362
0114621011150001000006900000000000000300002037
0170511040180001000054700000000000003000060170
0102671011410001000007050000000000000300002745
0117601012010001000006000000000000000300002214
0115071005110001000025800000000000000500003766
0100431009790001000061100000000000002800014023
0101001012870001000002600000000000000200000934
0171711043620001000005400000000000000700004293
0171671043530001000014050000000000000800004146
0108111023390001000020050000000000001700010006
0101441014250001000000000000001300001300009360
0120801008910001000009250000000000000500003100
0115041005140001000011550000000000000900001605
0113151023300001000066800000000000002100130266
0115051005150001000010550000000000000600001467
0170651040450001000005650000000000000400005058
0101221008270001000042000000000000002400015079
0104821013440001000008350000000000000300001628
0120261012050001000011400000000000000500004388
0121431012820001000006600000000000000300002435
0110011013290001000014450000000000000500008020
0122161005910001000006000000000000000400002756
0119061005500001000015600000000000000800010914
0171691043600001000001950000000000000300000699
0105941005940001000004950000000000000300001722
0110871013330001000000000000000200000200001190
0105471010070001000005200000000000000200002334
0117871013090001000010500000000000000600002724
0110161023040001000004050000000000000300004029
0170451040120001000005850000000000000300002193
0110921014330001000021000000000000000600005661
0100951014690001000004550000000000000300001151
0108671005570001000000500000000000000200000198
0171731043820001000000000000000600000600004500
0122561005380001000000000000000300000300003885
0110281012090001000027600000000000000900005772
0122491009090001000011800000000000000700003062
0105841023070001000022550000000000001900043974
0123071009550001000000000000000600000600004170
0168681036190001000000000000000300000300001185
0111461006090001000003000000000000000300001935
0112901014870001000004500000000000000300001032
0122501011500001000008400000000000000400003250
0122621013780001000000200000000000000100000050
0104281005330001000000800000000000000300000192
0115031005160001000000500000000000000200000074
0119981010610001000001700000000000000200000622
0100171010680001000013800000000000000900003934
0171951044720001000032350000000000002500017439
0101681010150001000000000000000300000300001710
0170411040060001000096500000000000000200037586
0101031013600001000002700000000000000100001266
0100961014710001000025200000000000001900008542
0112641023320001000228150000000000000300172254
0171481042940001000000100000000000000100000050
0120331012850001000000500000000000000100000200
0111321014300001000000000000000500000500003450
0110271012130001000007950000000000000300001824
0121351005660001000016100000000000000600029867
0122441012450001000021750000000000001100004680
0122751011900001000003800000000000000200001480
0170101039220001000015200000000000000700007738
0101241010660001000000000000000200000200002250
0115641010400001000017150000000000001100011063
0102291014280001000015250000000000001000003730
0113021014420001000003450000000000000300001086
0122471012640001000007250000000000000700002598
0120161010370001000015450000000000001200009718
0171101041450001000006500000000000000500006104
0120871011680001000001000000000000000200000380
0170631040430001000006850000000000000600005610
0101071013300001000072100000000000000200016546
0123021013390001000026400000000000001100007632
0121711009510001000006900000000000000200003306
0108651005630001000003850000000000000500001520
0169661038290001000016400000000000000900007505
0171651043400001000013350000000000000300004392
0109841010870001000000000000000500000500003125
0115011005190001000006900000000000000600001859
0122881010130001000000000000000300000300001845
0101261011170001000003750000000000000300000768
0108121005870001000012500000000000001500002987
0102501010200001000000000000000200000200001590
0170671223300001000020350000000000002200009870
0118371014970001000010650000000000000600002973
0121971023150001000054750000000000001600030606
0102651010640001000023400000000000000700008867
0100891011560001000007200000000000000600002010
0108661005540001000013000000000000001400010913
0113921009880001000000000000000600000600004170
0100741014550001000005550000000000000300001218
0101421012360001000000800000000000000200000352
0109681006100001000006000000000000000300001134
0102651010640001000004600000000000000200001744
0119061005500001000006000000000000000200004198
0115031005160001000010500000000000000200001534
0110921014330001000003300000000000000300000888
0122671005840001000000000000000200000200001700
0122161005910001000008500000000000000700003902
0120821014370001000000000000000200000200001190
0110871013330001000000000000000600000600003570
0104581023400001000005600000000000000300000981
0102661014770001000016500000000000000200005924
0113151023300001000005100000000000000500009945
0121431012820001000004100000000000000200001512
0171631043380001000003250000000000000300000934
0100361011600001000003500000000000000200000944
0114351013420001000004000000000000000200000798
0112641023320001000136800000000000000200103284
0170101039220001000002800000000000000200001426
0169251037510001000001400000000000000100000770
0101221008270001000013600000000000000400004884
0110011013290001000008300000000000000400004606
0108121005870001000009450000000000000700002260
0171161041770001000007900000000000000200001698
0108111023390001000002700000000000000300001348
0170671223300001000005500000000000000200002668
0169201037440001000006300000000000000200001508
0100171010680001000014600000000000000500004162
0104641023170001000001300000000000000200001168
0102291014280001000003400000000000000200000832
0105941005940001000003150000000000000300001096
0119981010610001000002300000000000000200000842
0110281012090001000003700000000000000200000774
0111461006090001000000700000000000000100000452
0171481042940001000003000000000000000200001498
0101441014250001000000000000000400000400002880
0105841023070001000002400000000000000300004680
0108111023390001000039100000000000000400019512
0104581023400001000039250000000000000500006869
0171701043610001000002150000000000000300000772
0114641005800001000000150000000000000100000030
0114361005810001000001800000000000000300000459
0104281005330001000000250000000000000100000060
0105941005940001000003600000000000000400001253
0104381005450001000000150000000000000100000104
0108121005870001000008200000000000000700001958
0122161005910001000000200000000000000100000092
0171711043620001000001350000000000000400001074
0104371005980001000000200000000000000100000104
0108671005570001000000100000000000000100000040
0108661005540001000000150000000000000100000126
0117001008310001000000000000000300000300003450
0171691043600001000000100000000000000100000036
0121971023150001000177650000000000000500099307
0170511040180001000000150000000000000100000165
0170461040130001000024800000000000000400007416
0113151023300001000014600000000000000700028472
0111461006090001000000200000000000000100000129
0121351005660001000000150000000000000100000278
0123071009550001000000000000000400000400002780
0122521014080001000005600000000000000600003356
0105901006080001000009050000000000000900001765
0122381010470001000490100000000000001000127180
0122621013780001000002800000000000000400000700
0104461023080001000250800000000000000400200264
0119061005500001000003050000000000000400002135
0104501023240001000000650000000000000100000813
0104641023170001000006200000000000000400005574
0114451013140001000016300000000000000600004710
0169201037440001000016900000000000000700004048
0110011013290001000018250000000000000800010129
0102381009150001000003500000000000000200001048
0108651005630001000000500000000000000200000198
0105841023070001000015200000000000000500029640
0101441014250001000000000000000200000200001440
0117601012010001000176650000000000000400065185
0101221008270001000011100000000000000400003986
0104341005360001000008400000000000000200004108
0171541043050001000031050000000000000300009159
0120531010410001000010600000000000000600003912
0171101041450001000001000000000000000400000940
0120801008910001000076300000000000000200025560
0170101039220001000002250000000000000100001145
0110161023040001000060000000000000000400059700
0100431009790001000016200000000000000600003718
0170651040450001000007800000000000000300006981
0115041005140001000013400000000000000200001862
0100171010680001000007900000000000000200002252
0120631011690001000000000000000200000200000900
0169320032550001000000000000000200000200099000
0171671043530001000010450000000000000600003083
0170061039030001000011000000000000000300003845
0102061009470001000005200000000000000200001690
0110871013330001000000000000000200000200001190
0100891011560001000083250000000000000300023226
0121431012820001000241950000000000000300089280
0105461014630001000164150000000000000300068123
0170761040760001000453050000000000000600210895
0171951044720001000002200000000000000300001186
0117871013090001000002200000000000000100000571
0120161010370001000000900000000000000100000566
0104821013440001000005900000000000000200001151
0101071013300001000002400000000000000100000551
0111841008360001000133000000000000000400045088
0122671005840001000000000000000200000100001700
0100951014690001000002650000000000000200000670
0169661038290001000003400000000000000200001556
0171161041770001000021700000000000000200004666
0121191013820001000001700000000000000100000593
0100961014710001000002850000000000000200000966
0118461013240001000002200000000000000100000835
0101051011000001000005000000000000000200001645
0121971023150001000015950000000000000400008917
0115011005190001000014850000000000000900004005
0115041005140001000007950000000000000600001107
0171641043390001000008550000000000000300002778
0117351023260001000000800000000000000100001040
0105841023070001000011200000000000000900021842
0114361005810001000007100000000000000500001812
0122671005840001000000000000000300000300002550
0110611014520001000008400000000000000300003570
0170411040060001000135600000000000000300052815
0101071013300001000004350000000000000300000999
0170631040430001000015900000000000000700013021
0169201037440001000054650000000000001800013091
0168121033920001000005700000000000000300001479
0170511040180001000083350000000000003500091685
0101191008290001000006450000000000000300002382
0100541008710001000026500000000000001100007555
0101531014440001000000000000000300000300002010
0101031013600001000009150000000000000300004290
0171161041770001000004500000000000000300000969
0100431009790001000026400000000000000900006060
0120801008910001000001650000000000000300000552
0120331012850001000008850000000000000300003537
0117871013090001000006600000000000000300001713
0120161010370001000008700000000000000900005472
0101221008270001000030000000000000001200010767
0170651040450001000001200000000000000300001074
0110871013330001000000000000000600000600003570
0105461014630001000004800000000000000300001992
0171661043420001000006900000000000000600002064
0104821013440001000002100000000000000300000411
0120531010410001000009000000000000000400003320
0101261011170001000002850000000000000300000585
0169771038720001000000000000000400000400000900
0101001012870001000006900000000000000300002478
0170671223300001000002100000000000000300001020
0110281012090001000007950000000000000300001662
0101051011000001000002400000000000000200000790
0101441014250001000000000000000600000600004320
0101371011770001000000000000000300000300002970
0115031005160001000004350000000000000300000636
0104641023170001000006000000000000000400005394
0115051005150001000001200000000000000300000168
0111031008650001000004050000000000000300001191
0122161005910001000004500000000000000300002067
0118251013100001000007200000000000000300002361
0171391042710001000008000000000000000400003192
0119751009800001000009800000000000000500002694
0114451013140001000007600000000000000400002196
0171331042430001000007950000000000000600004356
0115641010400001000001500000000000000300000969
0171711043620001000005050000000000000500004015
0110921014330001000004950000000000000300001335
0110011013290001000030350000000000001400016846
0119351015450001000001800000000000000300000666
0113021014420001000000800000000000000100000252
0117601012010001000002600000000000000100000959
0171691043600001000003000000000000000300001077
0100951014690001000001600000000000000100000405
0108121005870001000000300000000000000100000072
0111461006090001000000250000000000000100000161
0100741014550001000004500000000000000200000987
0113151023300001000000450000000000000100000878
0110271012130001000001300000000000000100000298
0108111023390001000001050000000000000100000524
0113361014580001000000550000000000000100000214
0118461013240001000001350000000000000100000512
0170061039030001000001350000000000000100000472
0171541043050001000002600000000000000100000767
0170101039220001000000850000000000000100000433
0171951044720001000000400000000000000100000216
0120871011680001000002900000000000000200001099
0114641005800001000001350000000000000300000270
0102291014280001000006300000000000000300001539
0171711043620001000005650000000000000600004492
0108651005630001000007250000000000000600002865
0119061005500001000003600000000000000400002517
0169661038290001000008600000000000000400003936
0117871013090001000860100000000000001600223198
0112651023270001000258800000000000000500107404
0114641005800001000001950000000000000200000390
0112081013120001000300500000000000000200098564
0101071013300001000007950000000000000300001824
0115641010400001000027700000000000000800017866
0110271012130001000007800000000000000200001790
0108121005870001000014300000000000000700003418
0119831010260001000000000000000200000200002140
0123021013390001000006800000000000000200001966
0121171023330001000651200000000000000801432640
0123071009550001000000000000000700000700004865
0113151023300001000813750000000000001501586817
0105841023070001000288200000000000001000561995
0114451013140001000196650000000000000300056832
0122491009090001000002950000000000000300000766
0108661005540001000005200000000000000600004364
0171661043420001000001750000000000000300000524
0101001012870001000022200000000000000700007972
0115041005140001000004600000000000000100000639
0121611014390001000006500000000000000300001948
0170641040440001000003750000000000000300001758
0168661036180001000000000000000200000200000990
0101271008920001000005000000000000000300000996
0171651043400001000002100000000000000400000690
0122381010470001000020100000000000000800005216
0101441014250001000000000000000600000600004320
0171541043050001000010800000000000000700003185
0100741014550001000000700000000000000200000154
0120871011680001000002900000000000000400001100
0169201037440001000021050000000000000900005043
0122441012450001000006200000000000000400001334
0171041041330001000001000000000000000200000290
0171631043380001000001000000000000000200000388
0111031008650001000005850000000000000500001721
0101221008270001000018900000000000000800006784
0111841008360001000008950000000000000400003035
0111211008760001000009150000000000000300004200
0117351023260001002532750000000000004103292575
0170791040810001000001000000000000000100000690
0100431009790001000007450000000000000300001709
0170521040190001000004900000000000000300008282
0122451015300001000000000000000100000100000945
0105901006080001000002450000000000000200000478
0170511040180001000000250000000000000100000275
0110011013290001000019450000000000000800010796
0170101039220001000004650000000000000300002367
0120071010380001000005900000000000000200003122
0118251013100001000001350000000000000100000443
0100951014690001000013900000000000000400003517
0171701043610001000004200000000000000600001508
0170421040050001000172600000000000000200120648
0122671005840001000000000000000100000100000850
0102061009470001000003850000000000000300001252
0100221011750001000001300000000000000200000298
0122501011500001000006000000000000000200002322
0170651040450001000004100000000000000200003670
0121971023150001000011100000000000000800006204
0168611035440001000000900000000000000100001170
0171691043600001000004000000000000000500001437
0100541008710001000003000000000000000200000856
0120631011690001000000000000000100000100000450
0171071041360001000001800000000000000100000477
0105461014630001000003000000000000000200001246
0104581023400001000003950000000000000200000691
0170801040820001000001000000000000000100000790
0101421012360001000003100000000000000200001360
0110611014520001000002950000000000000300001255
0101051011000001000005500000000000000200001810
0104381005450001000004350000000000000100003023
0108111023390001000002700000000000000200001347
0104461023080001000132800000000000000200106040
0119351015450001000007800000000000000300002883
0101041011360001000005200000000000000200001555
0120161010370001000003100000000000000200001950
0109841010870001000000000000000200000200001250
0108671005570001000001500000000000000100000593
0104821013440001000002350000000000000200000459
0102381009150001000001500000000000000100000449
0105761013270001000001700000000000000100000509
0171381042670001000001400000000000000100000503
0104281005330001000000300000000000000100000072
0169201037440001000018500000000000000500004431
0101681010150001000000000000000200000200001140
0170061039030001000026700000000000000600009333
0170521040190001000019450000000000001600032871
0100171010680001000010500000000000000600002994
0108111023390001000005750000000000000200002870
0104581023400001000027450000000000001700004807
0108121005870001000010300000000000000800002462
0102651010640001000008500000000000000200003222
0171671043530001000000250000000000000100000074
0122161005910001000000250000000000000100000115
0101241010660001000000000000000100000100001125
0104371005980001000001000000000000000400000520
0104381005450001000028250000000000001000019634
0108671005570001000000750000000000000400000296
0108661005540001000012900000000000001100010824
0171691043600001000004100000000000000500001473
0171711043620001000011000000000000001200008746
0111461006090001000000300000000000000100000194
0105841023070001000008700000000000000800016968
0171701043610001000000150000000000000100000054
0104501023240001000001300000000000000100001625
0123021013390001000008100000000000000200002340
0115011005190001000012600000000000000800003398
0119061005500001000004300000000000001000003010
0101271008920001000004550000000000000500000905
0114641005800001000000200000000000000100000042
0101501014320001000000000000000100000100001295
0120531010410001000026550000000000000700009795
0169661038290001000051500000000000002400023562
0170101039220001000026500000000000001800013486
0101441014250001000000000000000100000100000720
0170801040820001000023900000000000000200018882
0117351023260001000015400000000000000500020020
0122501011500001000034650000000000000600013410
0105941005940001000001300000000000000100000452
0171391042710001000002050000000000000100000818
0101821014130001000010350000000000000300003570
0122491009090001000025200000000000001200006537
0120161010370001000041550000000000002500026136
0122671005840001000000000000000500000500004250
0102661014770001000008250000000000000100002962
0111781010880001000002800000000000000100000770
0114361005810001000000350000000000000100000089
0100431009790001000033300000000000001600007642
0105461014630001000004300000000000000100001785
0171721043840001000013950000000000000600008232
0105901006080001000006450000000000000600001260
0115031005160001000000900000000000000300000132
0114451013140001000000800000000000000100000231
0171051041340001000003750000000000000300003357
0115051005150001000001200000000000000500000168
0105761013270001000006600000000000000300001977
0168731035970001000004950000000000000300001461
0171101041450001000023000000000000001600021601
0121351005660001000012200000000000001100022634
0122381010470001000017000000000000000400004411
0101001012870001000028650000000000000300010284
0170651040450001000007950000000000000600007116
0117871013090001000006150000000000000300001596
0110161023040001000010150000000000000500010101
0101221008270001000029600000000000001400010626
0120331012850001000013200000000000000400005272
0111841008360001000003750000000000000300001272
0121971023150001000005800000000000000500003242
0109841010870001000000000000000600000600003750
0115641010400001000009900000000000000600006387
0170791040810001000084200000000000000400058100
0108651005630001000001050000000000000400000416
0121191013820001000062900000000000001800021949
0117531013940001000010600000000000000400003656
0101531014440001000000000000000300000300002010
0120801008910001000001950000000000000300000654
0170671223300001000000400000000000000100000194
0100961014710001000009000000000000001000003050
0118461013240001000003450000000000000300001308
0119351015450001000001950000000000000300000720
0112081013120001000004650000000000000300001515
0101191008290001000008100000000000000300002994
0115091005130001000013800000000000000300002016
0122661005770001000000000000000300000300002550
0100541008710001000031650000000000000300009021
0122441012450001000004650000000000000300000999
0111031008650001000000650000000000000100000191
0100781012110001000004950000000000000300001212
0121611014390001000002100000000000000300000630
0120871011680001000000450000000000000100000171
0101041011360001000002650000000000000100000792
0110611014520001000005400000000000000700002295
0113021014420001000004950000000000000300001560
0101421012360001000003000000000000000300001317
0122561005380001000000000000000100000100001295
0171661043420001000008700000000000000300002601
0101261011170001000009450000000000000900001941
0104281005330001000009050000000000000600002165
0113941009630001000000000000000500000500007275
0117351023260001000042500000000000002800055250
0121431012820001000002600000000000000200000960
0121971023150001000017450000000000000800009754
0169661038290001000002100000000000000200000960
0100431009790001000020100000000000000900004611
0120821014370001000000000000001100001100006545
0169201037440001000043450000000000001800010407
0105901006080001000014900000000000001000002906
0104581023400001000001600000000000000200000281
0120331012850001000008700000000000000200003476
0108661005540001000016250000000000001000013637
0102061009470001000001300000000000000200000422
0108111023390001000042250000000000001400021084
0171691043600001000000150000000000000100000054
0114641005800001000003700000000000000500000774
0111461006090001000006050000000000000500003902
0170521040190001000010800000000000001100018252
0105841023070001000013600000000000001300026524
0104371005980001000000150000000000000100000078
0104381005450001000000100000000000000100000070
0108671005570001000000150000000000000100000059
0119061005500001000005300000000000000600003708
0110611014520001000005900000000000000400002508
0100951014690001000005300000000000000500001342
0108651005630001000000800000000000000200000316
0168731035970001000013200000000000000200003894
0120531010410001000003500000000000000200001292
0102381009150001000003700000000000000200001108
0100961014710001000014550000000000001100004934
0121611014390001000005400000000000000500001618
0101221008270001000016200000000000001200005813
0110161023040001000013200000000000000700013134
0111031008650001000014950000000000000700004395
0104821013440001000009350000000000000700001823
0171161041770001000003500000000000000100000753
0119351015450001000014950000000000000600005525
0171881044450001000063500000000000000400052388
0101001012870001000015000000000000000400005386
0115641010400001000010250000000000000600006612
0114361005810001000012700000000000000600003239
0118651010580001000000000000001500001100007425
0100541008710001000029200000000000000700008322
0120801008910001000020400000000000000600006836
0104501023240001000001800000000000000200002251
0101041011360001000029950000000000001400008958
0171501042960001000039050000000000000100015600
0171711043620001000005950000000000000600004731
0111781010880001000012100000000000000400003327
0122381010470001000016000000000000000800004152
0171661043420001000008100000000000000600002420
0118251013100001000003700000000000000200001214
0102291014280001000012750000000000000500003116
0105461014630001000005550000000000000400002303
0120631011690001000000000000000300000300001350
0171391042710001000001950000000000000100000778
0102651010640001000007200000000000000500002729
0122491009090001000013250000000000000700003440
0122671005840001000000000000000100000100000850
0112651023270001000160350000000000000300066546
0123071009550001000000000000000300000300002085
0170101039220001000023500000000000001200011962
0100171010680001000009000000000000000400002566
0120161010370001000008850000000000000500005568
0171621043360001000003900000000000000200001128
0171101041450001000001500000000000000100001409
0117871013090001000008400000000000000500002179
0110011013290001000017750000000000001100009855
0114621011150001000008800000000000000600002597
0122501011500001000000600000000000000100000232
0171511042970001000112650000000000000300067533
0113151023300001000003000000000000000300005850
0112901014870001000005400000000000000300001239
0119751009800001000008850000000000000600002436
0101051011000001000015000000000000000600004935
0113491014750001000004650000000000000300002277
0120071010380001000004500000000000000300002382
0101441014250001000000000000000300000300002160
0105791011780001000000000000000200000200001990
0171701043610001000004350000000000000400001562
0170801040820001000002100000000000000200001660
0118721014350001000009750000000000000400003073
0101241010660001000000000000000200000200002250
0100891011560001000013350000000000000600003723
0168121033920001000007650000000000000300001986
0171671043530001000003300000000000000200000974
0122661005770001000000000000000200000200001700
0115051005150001000004200000000000000200000584
0108121005870001000014900000000000001400003561
0101261011170001000002500000000000000200000512
0170671223300001000002500000000000000300001213
0170061039030001000005700000000000000200001992
0120871011680001000020450000000000001200007751
0110281012090001000008100000000000000200001692
0113921009880001000000000000001000000800006950
0109841010870001000000000000000100000100000625
0118371014970001000001500000000000000100000419
0122471012640001000007700000000000000500002757
0100221011750001000003800000000000000200000872
0101681010150001000000000000000200000200001140
0122161005910001000002900000000000000200001332
0117601012010001000007650000000000000300002823
0122441012450001000004400000000000000300000947
0100361011600001000004800000000000000200001294
0101191008290001000003300000000000000200001220
0122301013930001000005000000000000000200001546
0105941005940001000009500000000000000400003306
0102291014280001000011050000000000000800002701
0121611014390001000005150000000000000500001543
0120801008910001000013950000000000001000004672
0121971023150001000029800000000000001200016659
0114621011150001000005200000000000000400001534
0115011005190001000006500000000000000400001752
0119061005500001000023000000000000000700016090
0108111023390001000039400000000000001500019661
0123021013390001000003800000000000000200001098
0117751009900001000000000000000200000200002910
0170061039030001000037900000000000001200013246
0170651040450001000003750000000000000500003358
0101221008270001000065650000000000002700023571
0101001012870001000039150000000000001400014059
0112081013120001000005100000000000000300001659
0100221011750001000015650000000000000500003590
0101271008920001000007950000000000000300001581
0117001008310001000000000000000300000300003450
0100361011600001000018450000000000000500004972
0170101039220001000025750000000000001200013107
0100541008710001000011300000000000000800003220
0168731035970001000006600000000000000400001948
0104501023240001000038100000000000000900047628
0171711043620001000016550000000000001500013160
0108121005870001000007800000000000000800001863
0120871011680001000051700000000000003000019592
0110151005650001000003000000000000000300001365
0101681010150001000000000000000300000300001710
0100171010680001000007800000000000000300002223
0171631043380001000011650000000000000500004515
0108651005630001000011700000000000000800004624
0100431009790001000040250000000000002100009236
0171391042710001000011150000000000000500004448
0104381005450001000004650000000000000300003231
0170521040190001000074450000000000003100125827
0120821014370001000000000000001100001100006545
0169661038290001000021900000000000000800010021
0170421040050001000252900000000000000300176778
0112901014870001000017100000000000000800003926
0169251037510001000002250000000000000300001239
0101041011360001000078400000000000003400023445
0101531014440001000000000000000600000600004020
0105941005940001000014350000000000001100004992
0111031008650001000008400000000000000600002469
0110281012090001000026550000000000000900005549
0102651010640001000003900000000000000200001478
0118651010580001000000000000000500000500002475
0170671223300001000006800000000000000700003300
0171661043420001000012400000000000000600003708
0105901006080001000007000000000000000400001364
0115051005150001000002000000000000000200000278
0169771038720001000000000000000200000200000450
0117531013940001000005200000000000000200001794
0100951014690001000009850000000000000800002492
0108661005540001000013900000000000000400011664
0122491009090001000020000000000000001200005188
0122381010470001000001000000000000000200000260
0120531010410001000005700000000000000300002103
0113921009880001000000000000000200000200001390
0101821014130001000001600000000000000200000552
0108671005570001000007900000000000000400003120
0171101041450001000010150000000000000800009532
0122661005770001000000000000000200000200001700
0120751013800001000006000000000000000200001918
0102671011410001000019600000000000000600007634
0104861014620001000003100000000000000200001546
0110011013290001000022250000000000001200012349
0113361014580001000004500000000000000200001752
0101191008290001000004100000000000000200001514
0105461014630001000006150000000000000500002551
0109841010870001000000000000000200000200001250
0120631011690001000000000000000500000500002250
0118251013100001000003200000000000000200001050
0104641023170001000002000000000000000200001798
0100961014710001000057350000000000001500019443
0171671043530001000000700000000000000200000206
0120161010370001000004700000000000000400002956
0104581023400001000042350000000000001500007413
0117351023260001000030800000000000001900040040
0110271012130001000017250000000000000600003960
0122161005910001000004500000000000000300002067
0121431012820001000009600000000000000300003543
0171621043360001000013100000000000000700003787
0112651023270001000096500000000000000200040048
0117871013090001000004500000000000000300001167
0171161041770001000016050000000000000300003450
0114451013140001000009250000000000000500002673
0121351005660001000001800000000000000300003339
0111461006090001000004700000000000000400003033
0171381042670001000002900000000000000200001042
0115641010400001000015350000000000001100009900
0113701011620001000004500000000000000300001212
0122561005380001000000000000000300000300003885
0113941009630001000000000000000300000300004365
0122501011500001000003300000000000000300001278
0171721043840001000015200000000000000700008970
0171951044720001000002400000000000000300001293
0110611014520001000000950000000000000100000404
0171041041330001000016300000000000000400004718
0101051011000001000004500000000000000200001480
0169201037440001000026200000000000001200006274
0122441012450001000002700000000000000200000580
0119981010610001000008400000000000000900003076
0110161023040001000000950000000000000100000945
0105841023070001000000150000000000000100000293
0115671008300001000000000000000200000200002300
0171651043400001000008250000000000000300002715
0102381009150001000004650000000000000300001392
0168681036190001000000000000000300000300001185
0109681006100001000004300000000000000200000812
0100741014550001000006600000000000000300001449
0104821013440001000002700000000000000200000526
0108121005870001000009850000000000000900002357
0104581023400001000003450000000000000200000604
0108111023390001000027550000000000001200013750
0105841023070001000015400000000000001100030032
0170521040190001000028150000000000002200047579
0104381005450001000006400000000000000600004448
0108651005630001000001350000000000000300000534
0115051005150001000009750000000000000300001356
0105901006080001000002500000000000000300000487
0171691043600001000000400000000000000200000144
0110011013290001000002800000000000000300001555
0171711043620001000000100000000000000100000080
0112651023270001000054300000000000000100022535
0108661005540001000000300000000000000100000252
0108671005570001000000150000000000000100000059
0119061005500001000003750000000000000400002623
0114361005810001000000250000000000000100000064
0100951014690001000003400000000000000200000860
0104641023170001000000350000000000000100000315
0104371005980001000000150000000000000100000078
0104501023240001000002750000000000000100003438
0122491009090001000006950000000000000600001802
0171701043610001000000150000000000000100000054
0113921009880001000000000000000100000100000695
0122501011500001000003300000000000000100001277
0105461014630001000002650000000000000100001100
0169771038720001000000000000000100000100000225
0170061039030001000007750000000000000300002709
0117751009900001000000000000000200000200002910
0100961014710001000012050000000000000800004085
0111211008760001000004850000000000000200002226
0121611014390001000002750000000000000100000824
0117351023260001000002550000000000000100003315
0104461023080001000129900000000000000200103726
0170641040440001000002450000000000000100001149
0169661038290001000008450000000000000500003866
0101001012870001000004400000000000000200001580
0121971023150001000023050000000000000500012885
0101421012360001000008200000000000000400003600
0122161005910001000000250000000000000100000115
0101221008270001000024400000000000000700008759
0120531010410001000004950000000000000300001826
0120871011680001000000750000000000000100000284
0122441012450001000004100000000000000200000882
0170421040050001000348400000000000000400243532
0170101039220001000002000000000000000200001018
0170671223300001000000450000000000000100000218
0102651010640001000002100000000000000200000796
0102291014280001000008700000000000000400002126
0109681006100001000001000000000000000200000190
0169201037440001000014700000000000000400003522
0170791040810001000010100000000000000200006970
0112081013120001000004000000000000000200001302
0114621011150001000003000000000000000200000886
0104861014620001000002800000000000000200001398
0121711009510001000003650000000000000300001749
0105761013270001000005400000000000000200001618
0100431009790001000015900000000000000400003650
0101041011360001000014100000000000000600004216
0105941005940001000000350000000000000100000122
0102391013510001000000000000000200000200002380
0110281012090001000005800000000000000200001212
0100781012110001000005700000000000000200001396
0101031013600001000000650000000000000100000305
0118651010580001000000000000000200000200000990
0122381010470001000003800000000000000300000986
0101051011000001000005800000000000000200001908
0119981010610001000000900000000000000200000330
0115011005190001000003650000000000000300000983
0112901014870001000003800000000000000200000872
0102661014770001000000200000000000000100000072
0118721014350001000000200000000000000100000063
0104821013440001000004600000000000000200000898
0114631009910001000000000000000200000200002910
0171631043380001000001350000000000000100000523
0102671011410001000000700000000000000100000273
0168121033920001000001650000000000000100000428
0118371014970001000001500000000000000100000419
0115641010400001000002000000000000000100001290
0111461006090001000000200000000000000100000129
0121351005660001000000100000000000000100000186
0120161010370001000002100000000000000200001320
0117871013090001000010200000000000000200002646
0122441012450001000006550000000000000300001409
0105901006080001000000600000000000000100000117
0170521040190001000022900000000000001500038703
0104821013440001000005900000000000000600001152
0122381010470001000015800000000000000700004101
0101421012360001000010400000000000000700004564
0120871011680001000015950000000000000700006044
0120071010380001000003300000000000000200001746
0171711043620001000005000000000000000400003977
0108111023390001000007450000000000000500003718
0171381042670001000007100000000000000200002548
0114451013140001000004300000000000000200001242
0117351023260001000010200000000000000800013260
0105841023070001000002350000000000000200004583
0104581023400001000003450000000000000600000604
0105941005940001000004750000000000000500001653
0108121005870001000000200000000000000100000048
0110271012130001000004850000000000000300001112
0109011012810001000000000000000300000300002250
0120161010370001000011000000000000000900006918
0100541008710001000006900000000000000400001968
0101221008270001000001100000000000000200000394
0104371005980001000002600000000000000200001350
0111651023230001000001600000000000000100002704
0100431009790001000012800000000000000900002936
0122471012640001000002900000000000000400001040
0119981010610001000004700000000000000400001720
0111031008650001000001500000000000000200000442
0104641023170001000014350000000000000800012900
0113361014580001000002500000000000000200000974
0115641010400001000000900000000000000200000580
0101001012870001000009900000000000000300003555
0121971023150001000008600000000000000500004806
0171501042960001000788250000000000001800314907
0102651010640001000008700000000000000300003297
0115051005150001000000450000000000000100000063
0120331012850001000026500000000000000600010586
0115671008300001000000000000000100000100001150
0112901014870001000006450000000000000300001481
0108671005570001000001050000000000000500000415
0169811038730001000000000000000300000300001875
0108661005540001000000900000000000000500000756
0108651005630001000001200000000000000400000476
0119061005500001000002150000000000000700001505
0170671223300001000010600000000000000500005142
0120801008910001000007150000000000000500002394
0104381005450001000000250000000000000100000174
0118251013100001000000950000000000000100000312
0102061009470001000007950000000000000300002583
0170451040120001000000600000000000000100000225
0121711009510001000000850000000000000100000407
0120261012050001000000350000000000000100000135
0169201037440001000039250000000000000700009401
0120631011690001000000000000000200000200000900
0122521014080001000007900000000000000400004732
0170061039030001000008500000000000000400002970
0110161023040001000008900000000000000300008855
0171651043400001000001500000000000000100000494
0171041041330001000009000000000000000200002606
0113701011620001000000650000000000000100000175
0102291014280001000003400000000000000200000832
0105511013080001000000000000000400000400002200
0101441014250001000000000000000200000200001440
0169661038290001000002600000000000000200001190
0119831010260001000000000000000200000200002140
0110011013290001000009000000000000000300004995
0171391042710001000003500000000000000200001396
0102381009150001000008750000000000000500002620
0100961014710001000013300000000000000700004508
0170651040450001000003700000000000000400003312
0115011005190001000004200000000000000300001131
0169320032550001000000000000000300000300148500
0122671005840001000000000000000500000500004250
0115031005160001000007400000000000000200001080
0113921009880001000000000000000200000200001390
0121611014390001000000700000000000000100000210
0119751009800001000007000000000000000200001926
0122491009090001000003600000000000000200000934
0105941005940001000000350000000000000100000122
0104371005980001000000100000000000000100000052
0118461013240001000001500000000000000100000569
0170521040190001000023600000000000001400039889
0117351023260001000040000000000000001500052000
0105841023070001000004450000000000000300008678
0104581023400001000010800000000000000800001891
0108111023390001000011000000000000000500005490
0108121005870001000013250000000000000600003167
0122491009090001000008950000000000000400002323
0114641005800001000002150000000000000300000449
0114621011150001000001950000000000000100000575
0104381005450001000000150000000000000100000104
0108651005630001000000150000000000000100000059
0108671005570001000000100000000000000100000040
0119061005500001000003400000000000000500002379
0171711043620001000011250000000000000500008945
0120531010410001000006900000000000000300002547
0108661005540001000000150000000000000100000126
0171691043600001000000250000000000000100000090
0101821014130001000001700000000000000100000587
0170651040450001000001800000000000000100001611
0171701043610001000000150000000000000100000054
0171731043820001000000000000000200000200001500
0122161005910001000002200000000000000300001010
0112651023270001000270100000000000000500112094
0113701011620001000003900000000000000300001052
0171051041340001000007300000000000000400006534
0111461006090001000002450000000000000300001581
0101681010150001000000000000000200000200001140
0171071041360001000007600000000000000200002014
0121971023150001000003850000000000000200002152
0115051005150001000000100000000000000100000014
0120801008910001000001600000000000000200000536
0111031008650001000006550000000000000300001926
0115031005160001000001850000000000000300000271
0171391042710001000002000000000000000200000798
0101421012360001000044700000000000000700019626
0110011013290001000013000000000000000600007216
0169201037440001000014800000000000000300003544
0101001012870001000002950000000000000100001059
0109841010870001000000000000000300000300001875
0118251013100001000006700000000000000400002198
0171661043420001000010550000000000000600003155
0171331042430001000005000000000000000400002740
0169771038720001000000000000000400000400000900
0115041005140001000004350000000000000200000605
0102291014280001000001800000000000000200000440
0104461023080001000126400000000000000200100930
0101031013600001000001200000000000000200000562
0169661038290001000010700000000000000400004896
0105511013080001000000000000000200000200001100
0170631040430001000002550000000000000100002088
0120261012050001000006250000000000000200002407
0122521014080001000002950000000000000200001767
0170671223300001000002300000000000000100001116
0170061039030001000005000000000000000200001747
0122381010470001000010500000000000000400002724
0111841008360001000005700000000000000200001932
0100171010680001000001900000000000000200000542
0170791040810001000002000000000000000100001380
0100541008710001000009800000000000000100002793
0100221011750001000004650000000000000300001067
0118371014970001000003100000000000000200000864
0101261011170001000001900000000000000100000390
0118651010580001000000000000000100000100000495
0104641023170001000004750000000000000200004271
0104501023240001000002900000000000000100003625
0169811038730001000000000000000100000100000625
0170101039220001000000650000000000000100000331
0101221008270001000008050000000000000400002890
0119981010610001000009850000000000000600003605
0101441014250001000000000000000100000100000720
0114451013140001000003100000000000000100000896
0117871013090001000001750000000000000100000454
0104821013440001000001300000000000000200000254
0171541043050001000003800000000000000200001122
0101191008290001000001000000000000000100000370
0120871011680001000010300000000000000500003905
0114361005810001000004350000000000000500001109
0171041041330001000004000000000000000100001158
